0
0.001717662
0.002834155
0.004128381
0.005338889
0.006394599
0.008056523
0.009172414
0.010274477
0.011501534
0.012600175
0.013922657
0.015301011
0.017149044
0.018349296
0.019860572
0.020977677
0.022121635
0.023345111
0.025155961
0.02662998
0.027822565
0.028907532
0.030607602
0.032085809
0.033425868
0.03506657
0.035997424
0.037367218
0.039625101
0.040775751
0.042010733
0.043177919
0.044379022
0.045550444
0.046890164
0.048139026
0.049482044
0.050779432
0.052674664
0.053900376
0.055161662
0.056351445
0.05798944
0.059188059
0.060369603
0.061536543
0.062632494
0.064256335
0.073461751
0.074445335
0.076071083
0.077025093
0.077862659
0.079010622
0.079911175
0.080897013
0.081892991
0.082914605
0.084082191
0.146047098
0.148168289
0.14988752
0.151082609
0.152171927
0.159089919
0.16096178
0.162596112
0.164454069
0.165914246
0.16700647
0.168377565
0.170354583
0.172033417
0.173122655
0.174386172
0.175614464
0.17669793
0.17854722
0.179710536
0.181154918
0.182413335
0.183597714
0.184737963
0.186123677
0.187453445
0.188776613
0.190122842
0.19147721
0.193078986
0.194334861
0.196201516
0.197420131
0.198630977
0.199928102
0.201047359
0.202150815
0.203478954
0.20486024
0.205970882
0.207173454
0.208327151
0.209511967
0.210627965
0.212476763
0.213854444
0.215133067
0.216354817
0.217559638
0.218411113
0.219492483
0.2208451
0.222103203
0.223386195
0.224553309
0.225731655
0.226756909
0.227747444
0.229585138
0.230879639
0.232009909
0.233106539
0.234226263
0.235499427
0.236729547
0.238336869
0.240052665
0.24115283
0.242368701
0.243435225
0.245542036
0.247071057
0.248218766
0.249294942
0.250584779
0.251763714
0.252932368
0.254437458
0.255569493
0.256432046
0.25737372
0.25821499
0.259051056
0.259751914
0.26057773
0.261398197
0.262351593
0.263196569
0.263959846
0.26488707
0.265725477
0.266660067
0.267497388
0.268451727
0.269241463
0.269991809
0.270724386
0.27152947
0.272374358
0.273324632
0.273979701
0.2751458
0.275960935
0.276807006
0.277669644
0.278568645
0.27949645
0.280340828
0.281156605
0.281878757
0.282728132
0.283776167
0.284630993
0.285487468
0.286304731
0.287124922
0.287922651
0.288945412
0.289693191
0.290609454
0.291562658
0.292726142
0.293619576
0.294378833
0.295586611
0.296783983
0.297856919
0.298565269
0.299356815
0.300227547
0.301095294
0.301919014
0.302857838
0.30416648
0.305297748
0.306104565
0.306901908
0.307735931
0.308573859
0.309326
0.310233053
0.311113149
0.311966083
0.312824523
0.313694254
0.314628682
0.315500204
0.316375889
0.31779799
0.318671077
0.319476681
0.320308613
0.321181948
0.322041021
0.32281735
0.323621823
0.324500806
0.325508422
0.326266827
0.326972577
0.327785975
0.328591566
0.32942281
0.330253257
0.331119241
0.332018725
0.333154161
0.334110338
0.334952917
0.335809398
0.336596678
0.337400011
0.338748135
0.339643635
0.340433701
0.341227938
0.341932885
0.342720569
0.343496205
0.344771263
0.345748734
0.346759802
0.347723305
0.348639392
0.349502843
0.350276332
0.351183852
0.351845965
0.352739603
0.353609356
0.35461382
0.355433287
0.356537563
0.357341715
0.358321869
0.359393073
0.360747407
0.361598934
0.362488576
0.363345205
0.364359608
0.365411014
0.366222542
0.367009509
0.367839618
0.368819325
0.369690965
0.370471546
0.371780401
0.373092003
0.374010659
0.374892613
0.375619918
0.376559309
0.377297128
0.378276207
0.379090172
0.379982894
0.381053741
0.382259556
0.383445615
0.384407155
0.385223294
0.386059338
0.386953789
0.387728096
0.388617428
0.389478552
0.390343626
0.391245782
0.392206032
0.393375441
0.394290675
0.395096303
0.396004221
0.396972276
0.397925382
0.398918559
0.39990254
0.400820657
0.401848435
0.402642473
0.403527898
0.405183299
0.406142842
0.40707769
0.407943784
0.408975763
0.409829056
0.410709896
0.411389467
0.412205448
0.413151539
0.414031194
0.414862493
0.415731771
0.416644835
0.417417388
0.418181947
0.418924375
0.419807523
0.420576975
0.421390102
0.422248164
0.423248527
0.424395609
0.426139165
0.427036724
0.428265026
0.429546274
0.430555023
0.431399577
0.432230921
0.433198553
0.434032332
0.435048454
0.4361176
0.43702434
0.437760368
0.438726263
0.439786405
0.440604681
0.441601552
0.442474609
0.443375609
0.444160977
0.445318531
0.446639626
0.447577148
0.448610609
0.449735448
0.50874748
0.509925504
0.510880001
0.511820876
0.512765981
0.513754849
0.514552529
0.51541605
0.517093085
0.518188
0.519216254
0.520396085
0.521365598
0.522114937
0.523072483
0.524145724
0.525034316
0.526081217
0.527343464
0.528323306
0.529206898
0.53022175
0.531365554
0.532283605
0.533403517
0.53443474
0.535446488
0.536350323
0.537574678
0.538612187
0.539594592
0.540428467
0.541352792
0.542216615
0.543169679
0.544253346
0.545131927
0.546085207
0.547056539
0.548093258
0.54911631
0.550452817
0.551861478
0.552806277
0.55368946
0.554673994
0.555649615
0.556630014
0.557470911
0.55843572
0.559422642
0.560426746
0.56138032
0.562573902
0.563691559
0.564788827
0.565555441
0.567017
0.568388145
0.569260167
0.5705498
0.571650165
0.572438026
0.573694349
0.574513781
0.575380142
0.576313389
0.577405343
0.578404178
0.579203823
0.580378932
0.581222362
0.582184461
0.583058214
0.5840341
0.584852316
0.585930408
0.587486602
0.58866078
0.589743981
0.590628954
0.591568748
0.592510076
0.59342407
0.594551454
0.595870246
0.596678575
0.59758354
0.59866096
0.599694238
0.600626227
0.601743534
0.602547276
0.603428463
0.604386369
0.605469779
0.606497713
0.607420411
0.608354213
0.609283455
0.610094697
0.610955105
0.611688912
0.61237936
0.613083711
0.613850804
0.61460252
0.615290467
0.616518816
0.617316109
0.618061474
0.618785662
0.619501182
0.620211646
0.620956115
0.621713958
0.622432286
0.623107277
0.62384555
0.624748011
0.625684605
0.626558125
0.627368931
0.628173802
0.628974705
0.62981283
0.630693586
0.631546924
0.632428089
0.633299556
0.634118454
0.635454205
0.636322901
0.637253817
0.639016162
0.640360644
0.641287369
0.642147175
0.642957661
0.643726415
0.644544904
0.645453113
0.646264013
0.647199113
0.648048326
0.648897922
0.649749991
0.650515306
0.651323688
0.652621394
0.653717165
0.654527687
0.655369352
0.656188185
0.657310003
0.658126852
0.658983363
0.659916409
0.66070998
0.661571927
0.662381031
0.66329757
0.664235718
0.665180895
0.666033378
0.666876658
0.667667156
0.668440667
0.669212879
0.670133506
0.670968626
0.671806142
0.672613468
0.67344478
0.674242185
0.67544131
0.676327148
0.677099954
0.677910146
0.678672212
0.679501622
0.680438296
0.681362787
0.68218586
0.683052885
0.683958113
0.684802031
0.685617269
0.686405533
0.687243304
0.688116909
0.688886965
0.689669843
0.69048198
0.691387372
0.69242681
0.693711593
0.69463195
0.695469945
0.696300947
0.697152408
0.697965132
0.698769109
0.699587191
0.700429201
0.701252848
0.702117855
0.702925373
0.703789264
0.704671917
0.705481156
0.706286997
0.707077135
0.707883602
0.708691165
0.709489613
0.710830817
0.711760602
0.712684473
0.71355654
0.7145047
0.715425531
0.716312593
0.717213744
0.718057247
0.718865954
0.719665447
0.7214493
0.722703149
0.723647984
0.724473373
0.725272402
0.726074185
0.726854593
0.727691534
0.728556451
0.729376602
0.730164432
0.731064919
0.732461085
0.733402563
0.734290261
0.735118667
0.735955303
0.736766777
0.737599735
0.73848606
0.740072822
0.741003698
0.741870017
0.742706964
0.74359855
0.744468026
0.745369001
0.746190879
0.747195248
0.748193304
0.749142947
0.750143978
0.751415905
0.752370457
0.753205056
0.754109931
0.755006704
0.755846161
0.756821076
0.757680836
0.758519878
0.759438026
0.760258072
0.761098514
0.761933608
0.762750006
0.763608925
0.764503951
0.765351613
0.766379309
0.76735476
0.768221909
0.769047695
0.769894016
0.771315293
0.772198892
0.773059616
0.773897372
0.774712639
0.775530004
0.776370564
0.777184151
0.778066503
0.77895545
0.779756031
0.780598077
0.781453962
0.782371269
0.783241056
0.784073398
0.784981991
0.785829845
0.786696747
0.78755931
0.789625057
0.791077975
0.792027924
0.792870626
0.793701859
0.794532942
0.795318389
0.796144027
0.796998408
0.797997572
0.798908572
0.79986211
0.800732886
0.80161276
0.802452427
0.803264136
0.804114754
0.804978898
0.805810159
0.806663192
0.807518217
0.808737223
0.809604692
0.81045374
0.811269123
0.812131
0.812941046
0.813853609
0.814746313
0.815628177
0.816456333
0.817305799
0.818099269
0.818954244
0.81981984
0.820643618
0.821502901
0.822345247
0.823205543
0.824009332
0.824855412
0.825839258
0.826768258
0.828007615
0.828763863
0.829602715
0.83076345
0.891964968
0.892932314
0.89369828
0.894423429
0.895088343
0.895797106
0.896451852
0.897473712
0.898390238
0.899172649
0.899897102
0.90073675
0.901479087
0.902204014
0.903198001
0.90384776
0.904857161
0.906161368
0.907486533
0.908427381
0.909190385
0.909847257
0.910498452
0.911238664
0.912090093
0.912880207
0.913604886
0.914256625
0.914922852
0.915588303
0.916305677
0.917022217
0.917780133
0.918553122
0.919283998
0.919977458
0.920656327
0.921341493
0.922423274
0.923326886
0.92428232
0.925288264
0.926106819
0.92686554
0.927650126
0.928361268
0.929039613
0.929707592
0.930510184
0.931430766
0.932155517
0.932903368
0.933727412
0.934468679
0.935208889
0.935917711
0.936660372
0.937352985
0.941662633
0.943066912
0.944052835
0.944938217
0.9457181
0.946883527
0.947999523
0.948897041
0.949778836
0.950587526
0.951458339
0.952201171
0.953071688
0.953931544
0.95484481
0.955755731
0.956649323
0.957591
0.958669675
0.959620069
0.960503342
0.961424648
0.96226824
0.96356904
0.964543289
0.965323221
0.966019524
0.966780352
0.96754723
0.968284537
0.969075143
0.970261306
0.971306737
0.972055056
0.972775299
0.973480974
0.97416209
0.974835971
0.975514461
0.976155587
0.976851518
0.977538911
0.978182118
0.978824941
0.979487198
0.980566409
0.981406756
0.982140529
0.982918931
0.983677837
0.984340089
0.985063521
0.985751503
0.986393316
0.987087217
0.987795
0.98844824
0.989117339
0.989806063
0.990497326
0.991174559
0.991831809
0.992518434
0.993182418
0.993851536
0.994571632
0.995226434
0.996436585
0.997347302
0.998239825
0.999071026
0.999801332
1.000506092
1.001161057
1.001815416
1.002533761
1.003173675
1.003823391
1.004517658
1.005196658
1.00590351
1.006574118
1.007239129
1.00792054
1.008643526
1.009328221
1.010043948
1.010686444
1.011851546
1.012589592
1.013316408
1.014230865
1.014973583
1.015694892
1.016415615
1.017086047
1.017759931
1.018509383
1.019216037
1.019895985
1.020588047
1.021287294
1.021971303
1.02268408
1.023394169
1.024084947
1.024842865
1.02579624
1.026618609
1.02779806
1.028543904
1.029326606
1.030137504
1.031016488
1.031823702
1.032532994
1.033285791
1.034003057
1.034678556
1.035362878
1.036079261
1.036758918
1.03757405
1.03865529
1.039590609
1.040327817
1.041062388
1.041815629
1.042943439
1.043721895
1.044407786
1.045126277
1.045783139
1.046462428
1.047299977
1.048087382
1.048825712
1.049507154
1.050317526
1.051035031
1.051712138
1.052463562
1.05314876
1.05378146
1.054452827
1.055101631
1.055768248
1.056445296
1.057155244
1.058154208
1.058905441
1.059612237
1.060328566
1.061005967
1.061751715
1.062413918
1.063150029
1.064080277
1.064925217
1.06579354
1.066602771
1.067427593
1.06823198
1.068935353
1.0696813139999999
1.070396572
1.071134342
1.071870911
1.072540764
1.073603997
1.074324427
1.07505409
1.075779034
1.076474619
1.077223082
1.077914225
1.078595889
1.079271408
1.079954833
1.08065206
1.0813671
1.082021731
1.082662112
1.083365892
1.084022927
1.084688537
1.085358266
1.08605282
1.086733231
1.087393359
1.088467375
1.089274569
1.08995377
1.090706635
1.091612149
1.092480744
1.093234987
1.093898056
1.094539513
1.095295244
1.096050855
1.096828995
1.097714132
1.098504339
1.099220635
1.099965273
1.100796889
1.101511896
1.10221884
1.1038418779999999
1.104925205
1.105676967
1.106448307
1.107211312
1.107933346
1.108644199
1.109316961
1.110022309
1.110705972
1.111370671
1.112038495
1.11270381
1.113424319
1.114324661
1.115236881
1.116064462
1.116888389
1.117613582
1.11835386
1.119048702
1.119736771
1.120778175
1.121546892
1.122251934
1.122989276
1.12366508
1.124378809
1.125087602
1.125807668
1.126478552
1.127141347
1.127817974
1.128518445
1.129197441
1.129919773
1.130732039
1.131501276
1.132317701
1.133061067
1.13383481
1.134526872
1.135244139
1.136363493
1.137155944
1.1379072909999999
1.138634248
1.139334847
1.140020977
1.140719327
1.14142726
1.142189948
1.1429086179999999
1.143585222
1.144452218
1.212450955
1.213466069
1.214359481
1.215287541
1.216024156
1.216793559
1.217488518
1.218149072
1.21879099
1.2199526760000001
1.22074959
1.221580324
1.222539172
1.223379957
1.224204026
1.225011985
1.22581205
1.226550018
1.227396477
1.228164556
1.228867793
1.229495699
1.230214339
1.231226629
1.232112152
1.233158676
1.234173197
1.234951135
1.235655064
1.236628712
1.238081428
1.239456543
1.240229896
1.2410150899999999
1.241716962
1.242534337
1.243252679
1.243950457
1.244612198
1.245300896
1.245972165
1.246753403
1.247656747
1.248593129
1.249448623
1.250329455
1.251211988
1.25201804
1.252850352
1.254071388
1.255202041
1.256109151
1.256955971
1.257878066
1.258687402
1.2595528759999999
1.260381156
1.261178006
1.262014715
1.262861846
1.263761274
1.264757613
1.265658085
1.266508448
1.267400072
1.268288832
1.269091728
1.2699550689999999
1.270777662
1.271563017
1.272403924
1.273655385
1.27458958
1.275452233
1.276317868
1.277155392
1.277994783
1.278837748
1.279665758
1.2804959550000001
1.281312017
1.282168592
1.282971697
1.2837951969999999
1.2847195820000001
1.285569993
1.28641272
1.287264829
1.288090733
1.2889150169999999
1.289706625
1.290578632
1.291671866
1.29291403
1.293795783
1.294566221
1.295359478
1.296180514
1.297073612
1.298061062
1.299018712
1.2999236619999999
1.300737164
1.301547021
1.302308875
1.30312481
1.303958643
1.304785484
1.306089222
1.307292892
1.308169261
1.308995985
1.309849
1.310633218
1.311786054
1.312631651
1.313544278
1.314521796
1.3153688350000001
1.316154947
1.317081037
1.317914531
1.318714238
1.319546875
1.320285771
1.321082461
1.321842829
1.322662194
1.323576704
1.324357948
1.325097878
1.325918688
1.326699224
1.32741976
1.3281635760000001
1.329221817
1.330093435
1.331035921
1.331923722
1.3327670600000001
1.333524156
1.334280672
1.334990151
1.335724365
1.33637305
1.337131306
1.33785922
1.338599007
1.339376106
1.3400844140000001
1.340764885
1.341461727
1.342212539
1.342983616
1.34369596
1.344430291
1.34562981
1.346472054
1.347427096
1.348377044
1.3493506
1.350285451
1.35111053
1.351860435
1.352583866
1.353322681
1.3540220029999999
1.354789929
1.3555278
1.356302301
1.35709807
1.35808824
1.359121176
1.360086949
1.360966875
1.36168451
1.362519217
1.36386428
1.364917803
1.3659001100000001
1.366776274
1.367638494
1.368428919
1.369457024
1.3706978699999999
1.37162846
1.372390681
1.373137715
1.373887276
1.3746210429999999
1.3753342769999999
1.37603411
1.376769133
1.377536932
1.378242498
1.378936836
1.379641836
1.380540396
1.38189424
1.38279358
1.383642343
1.384401684
1.385132898
1.385869804
1.386601504
1.387409968
1.388166363
1.388883326
1.389633099
1.390405835
1.391137415
1.39186981
1.392608751
1.393333162
1.3940529449999999
1.394775852
1.3955297309999999
1.396251122
1.3970702369999999
1.398476985
1.399389047
1.400196234
1.40094111
1.401693337
1.402384944
1.4031009970000001
1.403796494
1.404522064
1.405202619
1.405941337
1.406670813
1.407337378
1.408058804
1.408782003
1.4095214249999999
1.410220629
1.410957751
1.411702218
1.412468832
1.41360712
1.414438643
1.415230846
1.4160047310000001
1.416804892
1.417626335
1.418350791
1.41910082
1.419807085
1.420521001
1.421234227
1.422036185
1.4230444420000001
1.423995997
1.424908925
1.426037187
1.427020185
1.427881054
1.428586169
1.429722682
1.430688268
1.4317148
1.432542774
1.433364197
1.434137883
1.434875188
1.435702768
1.43647598
1.437208385
1.438220981
1.4393697429999999
1.440243444
1.441030174
1.441798951
1.442501369
1.44323736
1.443956375
1.44505347
1.445821199
1.446584208
1.447367633
1.448136697
1.448905504
1.449670243
1.450441151
1.45121272
1.451934829
1.452663745
1.453416797
1.454210521
1.454946026
1.455676257
1.4563917069999999
1.45708532
1.457809192
1.458496139
1.459209429
1.460283836
1.461046334
1.461792087
1.462522464
1.463340363
1.464204097
1.465094675
1.466004593
1.46686523
1.467660819
1.468455096
1.469193016
1.469912898
1.470689362
1.47153648
1.472322754
1.473057911
1.473824863
1.474561944
1.475336883
1.540221133
1.541348879
1.542098559
1.542806237
1.543458931
1.544126995
1.5447966260000001
1.545599945
1.546306801
1.547176168
1.5480548010000001
1.548841066
1.549550046
1.550416875
1.5512466059999999
1.551957824
1.5526041560000001
1.553226784
1.55390584
1.554593925
1.5556356
1.5565569620000002
1.557617547
1.558556422
1.5594132809999999
1.560279563
1.561278186
1.562215126
1.5629703259999999
1.563864023
1.564766705
1.565605379
1.566430464
1.567221972
1.567998475
1.5688126329999998
1.5696089579999999
1.5703655269999999
1.571680915
1.572986435
1.574189678
1.575015902
1.575830968
1.576617036
1.577401988
1.578196243
1.578931447
1.579768074
1.58070433
1.581763054
1.582706629
1.583542856
1.584358293
1.585195087
1.586053076
1.586852784
1.5876291980000001
1.5884668259999999
1.5897998979999999
1.59069354
1.5915417170000001
1.5924019550000001
1.5932460229999998
1.594044393
1.594816096
1.595614602
1.596385698
1.59738156
1.598344113
1.599218531
1.600020615
1.6007684800000002
1.601523368
1.602261139
1.602984253
1.60376049
1.604536067
1.605616089
1.6064508320000002
1.6072638399999999
1.608038819
1.60880581
1.6096183229999999
1.6103850309999999
1.611088326
1.6118686580000001
1.612617468
1.6133581289999999
1.614087106
1.614799896
1.6156130960000001
1.616439464
1.617219199
1.617929293
1.61866103
1.6198112249999999
1.6206016559999998
1.621371283
1.622114727
1.6228554910000001
1.6236050039999999
1.624349748
1.625244526
1.626274569
1.627232231
1.628056172
1.628846663
1.629644609
1.630538488
1.631554639
1.632474313
1.633319153
1.634173277
1.635003046
1.635769096
1.637203538
1.638618935
1.639535959
1.640397511
1.6412046789999999
1.641959386
1.642747796
1.6435372579999998
1.6442962300000001
1.645048569
1.645845663
1.646606284
1.6476537709999999
1.6485346220000001
1.64937456
1.6501973429999999
1.650980442
1.651759159
1.652479063
1.653738363
1.654637609
1.655452251
1.656223464
1.657028563
1.6577702410000001
1.658531915
1.659397142
1.660204534
1.660981648
1.66171663
1.662443192
1.663221097
1.663925038
1.664676369
1.665397702
1.666143301
1.666901202
1.667663533
1.6684976580000002
1.669752444
1.670608873
1.671378508
1.672123491
1.672897077
1.673609702
1.674309396
1.6750523419999999
1.6758056350000001
1.676577712
1.67735849
1.678145505
1.67894436
1.679701635
1.6806284580000002
1.6814968719999999
1.68228579
1.683144066
1.683933415
1.685152113
1.686021008
1.686849926
1.687643076
1.688423313
1.689188037
1.689950112
1.690814027
1.691715607
1.6928352869999999
1.693807429
1.694605014
1.6954200080000001
1.6962424249999999
1.697308228
1.698408606
1.6994250069999999
1.700291935
1.7010878630000001
1.7022496710000001
1.703163046
1.703983063
1.704779389
1.705919768
1.707210544
1.7080473459999999
1.708932978
1.7098075640000001
1.710631755
1.711371159
1.712164199
1.7129181359999999
1.713774378
1.7147180560000002
1.715555015
1.71636061
1.717193156
1.717999633
1.71921406
1.720064319
1.720892935
1.721705607
1.722432475
1.723150436
1.723900586
1.724701593
1.725488549
1.726215441
1.72696782
1.727778352
1.7285426689999999
1.729290402
1.7301962039999998
1.73112126
1.731916971
1.732690531
1.733500179
1.734656576
1.735503847
1.73628275
1.737050773
1.737849778
1.738656212
1.739365742
1.7401359539999999
1.740870449
1.741595038
1.742343448
1.743110744
1.74391998
1.74469203
1.7454531229999999
1.746248688
1.747085567
1.74807039
1.7490895869999998
1.750364261
1.751303992
1.752129385
1.7529423039999998
1.753801707
1.7547328690000001
1.7556541289999998
1.7564524160000001
1.757291221
1.7580842410000002
1.758979803
1.760056991
1.761059447
1.761991742
1.762929156
1.764155642
1.765164975
1.766135755
1.76712223
1.768019501
1.769592001
1.771175148
1.772074935
1.772915376
1.773761501
1.7745527989999998
1.775339268
1.776113652
1.776874133
1.7776787710000002
1.778497528
1.7793099639999999
1.780091013
1.780861309
1.781640822
1.782419112
1.783178146
1.7839405510000002
1.78470777
1.785437393
1.786587001
1.787416526
1.788303139
1.789215276
1.856329471
1.857452699
1.858279649
1.859024274
1.85973353
1.860441314
1.8612572809999999
1.862057515
1.862779063
1.863588705
1.864528359
1.86538227
1.8662013979999998
1.8670928980000001
1.867928725
1.868649596
1.869825622
1.8706221429999998
1.871328554
1.8720539010000001
1.872764524
1.873432047
1.874067886
1.874702422
1.8755128110000001
1.876309135
1.877035536
1.877782636
1.878473596
1.8791654709999999
1.87992732
1.88087659
1.881688662
1.882481662
1.8837615859999999
1.8846775789999999
1.885528326
1.8863711520000002
1.887181659
1.887970202
1.888769087
1.889522194
1.890256984
1.891022633
1.8919364239999998
1.892944742
1.893800546
1.894547129
1.8953216259999999
1.89609889
1.89694961
1.8979127249999999
1.899134043
1.900027267
1.900887161
1.901770583
1.903340649
1.904947635
1.905876477
1.9066765270000001
1.907484732
1.908261014
1.909044392
1.90988
1.9106486820000002
1.9114404839999999
1.912202103
1.912975623
1.913892071
1.914914323
1.920036823
1.9211100540000001
1.922135929
1.923219097
1.9245313290000001
1.925652773
1.926699843
1.927663844
1.928765089
1.929620688
1.93062509
1.931747208
1.932762303
1.933839359
1.935002017
1.936008728
1.937099113
1.9381295139999999
1.93957064
1.9408129710000002
1.9417632870000001
1.942672097
1.943510185
1.944387426
1.945324642
1.946182908
1.947069481
1.948000913
1.9488983210000002
1.949823139
1.9506649029999998
1.9515008360000001
1.952286096
1.9531819320000001
1.953996764
1.9548091090000002
1.955551284
1.956311462
1.9575318259999999
1.958482521
1.959561764
1.96047312
1.961264757
1.96196314
1.9627558299999999
1.9637079549999998
1.964615234
1.965467735
1.9662937980000001
1.967142326
1.9679281419999999
1.9687693899999998
1.969599873
1.970372357
1.971610847
1.9728761000000001
1.9737907670000001
1.974603082
1.9758405460000001
1.9767230470000001
1.977555265
1.978393536
1.9792135050000002
1.980051896
1.981070317
1.9820703659999999
1.983040852
1.9839992770000001
1.984920974
1.9857604439999998
1.986536056
1.987310438
1.98809288
1.9888710010000001
1.989661889
1.990394073
1.9911854839999998
1.992316863
1.993271531
1.994119524
1.994960566
1.995803231
1.996577912
1.997325276
1.998080244
1.99884183
1.9997043589999999
2.000583301
2.001432689
2.002207116
2.002962268
2.003693386
2.004508173
2.005304214
2.006595495
2.007588853
2.008474064
2.009300998
2.010114771
2.010919796
2.011759196
2.012559495
2.013403728
2.014448301
2.015337066
2.016160024
2.016994027
2.017758955
2.018532076
2.019305969
2.020058281
2.020842191
2.022009383
2.022826405
2.023635839
2.024439028
2.025263948
2.026387948
2.027831343
2.02879074
2.029776027
2.030873298
2.031925044
2.032802013
2.03361098
2.034415013
2.035236939
2.036008334
2.037048017
2.038354504
2.039255352
2.040586935
2.041437958
2.042237837
2.043073017
2.043931587
2.044774426
2.045597597
2.046403096
2.047378872
2.048310513
2.049149462
2.050010919
2.050820633
2.051601034
2.052383957
2.053151008
2.05394382
2.055076727
2.055958951
2.056814472
2.057619744
2.058425533
2.059213537
2.060022227
2.060789211
2.061511702
2.062291271
2.063083824
2.064010951
2.064970949
2.065777954
2.066612093
2.067370117
2.0681343070000002
2.068903826
2.069854194
2.070864422
2.071675763
2.072444286
2.073260033
2.074050468
2.074880138
2.075617323
2.076357791
2.077101083
2.077846133
2.078571934
2.079343806
2.080091671
2.080894435
2.081637359
2.082376671
2.08319302
2.083966389
2.085158382
2.086093439
2.086957609
2.087817826
2.088648451
2.089445227
2.09024923
2.091031156
2.092130612
2.093159752
2.094009126
2.094855054
2.095730688
2.096593352
2.097621692
2.098626955
2.099567209
2.100830484
2.101859668
2.102771454
2.103625439
2.104436606
2.105417102
2.106768472
2.107795398
2.108876304
2.1696734
2.171637661
2.17321831
2.174369977
2.175214475
2.176035399
2.176763113
2.177942037
2.178771102
2.17987504
2.180800958
2.181696284
2.1825164
2.183190547
2.183909201
2.184683821
2.185407291
2.186097277
2.186784405
2.187466181
2.188278227
2.189085987
2.189870847
2.190668786
2.191504803
2.192606988
2.193810681
2.194927034
2.195804459
2.196630741
2.197514311
2.198333461
2.199313556
2.200249235
2.201089198
2.201917352
2.202721584
2.20351011
2.2043266089999998
2.205134178
2.205930957
2.206686801
2.207465882
2.208421441
2.209700079
2.210552127
2.211384704
2.212198139
2.212965926
2.213924038
2.214971584
2.215918487
2.216903567
2.217843036
2.218668178
2.219483507
2.220273064
2.221084513
2.221974323
2.2228085
2.223650357
2.224767956
2.2263231
2.227241839
2.228118655
2.22899474
2.229881704
2.23089382
2.231851439
2.23280754
2.233749402
2.234684429
2.235564122
2.236428215
2.237237232
2.2387396
2.239938513
2.24079503
2.241580829
2.242435258
2.243416566
2.244746192
2.245628934
2.246456271
2.247255185
2.248098811
2.248852189
2.24964182
2.250474051
2.251457916
2.252396354
2.253287732
2.254161872
2.25506404
2.255981182
2.256799334
2.2576186910000002
2.258393892
2.2592085969999998
2.260742872
2.261917367
2.262994673
2.264062411
2.265335189
2.267043018
2.268586698
2.270042821
2.271176283
2.272158701
2.273016306
2.273903086
2.274868122
2.275766046
2.276674725
2.277530225
2.278695438
2.2801755630000002
2.281284163
2.282411767
2.283554347
2.284577354
2.285536536
2.2865439309999998
2.287750412
2.2890793
2.291355857
2.293371265
2.29445288
2.295899715
2.297236418
2.298467623
2.299799698
2.301304058
2.302272077
2.303247911
2.304358013
2.305421648
2.306363862
2.307220307
2.308076981
2.30893903
2.309835116
2.310785602
2.311689738
2.312497109
2.313383987
2.31444988
2.315575133
2.31665528
2.317582247
2.319119484
2.320685452
2.322034994
2.323390987
2.324685583
2.327052081
2.329141941
2.330618911
2.332013284
2.333414024
2.33509631
2.336482951
2.337471205
2.338527646
2.339476064
2.3403587310000002
2.341233267
2.342046783
2.343321543
2.344288225
2.3451754879999998
2.346093005
2.347026655
2.348257607
2.350135398
2.351632043
2.352601468
2.35347999
2.354377645
2.355312981
2.35621986
2.357048058
2.357896169
2.358711382
2.359496497
2.360791097
2.361732034
2.362631557
2.363510066
2.364769106
2.366436497
2.368098406
2.369238617
2.370167221
2.371096635
2.372091419
2.373036992
2.373886635
2.374699865
2.375540685
2.376352152
2.37718884
2.378540883
2.379452991
2.380473385
2.381874346
2.383343382
2.384892461
2.386353699
2.388819705
2.391509196
2.39281961
2.39372656
2.394614273
2.395499678
2.396369209
2.397361961
2.398561257
2.400840956
2.402079116
2.403024484
2.403976564
2.405026398
2.40590882
2.406747833
2.407633839
2.408529416
2.409400321
2.410255682
2.4111803800000002
2.41199455
2.412774146
2.413680517
2.415052008
2.416801373
2.418778135
2.419794477
2.420764941
2.421964842
2.42342589
2.42457608
2.425579125
2.426496706
2.427373321
2.428211081
2.429029902
2.429943356
2.431036238
2.4324039490000002
2.43446826
2.4357953390000002
2.436911047
2.438232531
2.439178747
2.440131734
2.441098354
2.441985478
2.442900211
2.443756837
2.444583933
2.445414346
2.44619156
2.447106326
2.448248375
2.449419485
2.450718303
2.453076081
2.454569607
2.4555468830000002
2.45649362
2.457882846
2.458839584
2.459741936
2.460655135
2.461517064
2.462368129
2.463295383
2.464365031
2.465592462
2.466668875
2.46770456
2.468583981
2.4694756829999998
2.470354071
2.471469632
2.539972609
2.541131155
2.541990921
2.543396508
2.544234754
2.545069469
2.5458337479999997
2.546663153
2.547805
2.5487615
2.549695668
2.550673281
2.551463173
2.552191528
2.552933794
2.553632633
2.554317093
2.555097189
2.5558319210000002
2.556678637
2.558160027
2.5592780040000003
2.560166327
2.561020797
2.5618289130000003
2.562666209
2.5635544980000002
2.564762232
2.565880172
2.567105623
2.569074579
2.5706582940000002
2.5715960300000003
2.572526002
2.573459942
2.574287791
2.5755674539999998
2.576464869
2.577312342
2.5782570270000003
2.579158106
2.580092432
2.580996548
2.581875308
2.5827577870000002
2.583832979
2.584729688
2.585623194
2.586484192
2.5872952209999998
2.588213438
2.589053811
2.589865324
2.591146558
2.592064803
2.592969096
2.593844991
2.594642797
2.595447251
2.596215071
2.597282173
2.598313061
2.59923666
2.600237194
2.60109033
2.601941873
2.602750168
2.603568148
2.604391474
2.6056891220000002
2.606591758
2.60748864
2.6083833690000002
2.6092352869999997
2.610077061
2.610904852
2.611739612
2.612594429
2.613498159
2.614651323
2.61564435
2.6166658270000003
2.617512099
2.618344761
2.619152984
2.620377655
2.621343773
2.622569614
2.62355612
2.624666343
2.625765968
2.626745691
2.627611143
2.6285449
2.629541449
2.630650859
2.631987441
2.633245613
2.634800991
2.636213415
2.638328751
2.639448923
2.640822067
2.641842398
2.6427253520000002
2.64362101
2.644491206
2.645342264
2.64620391
2.647388583
2.6484217389999998
2.64935862
2.650333662
2.651205456
2.652054843
2.652887216
2.6536949659999998
2.654531409
2.655371008
2.656200439
2.657046755
2.658382872
2.6593055469999998
2.660235429
2.66111186
2.662005813
2.662879597
2.663984685
2.665145464
2.666076979
2.667061671
2.667879469
2.668691666
2.669525076
2.670363326
2.671154393
2.671962297
2.6732408960000003
2.6741732369999998
2.675066461
2.676025386
2.676891152
2.677863429
2.678710004
2.6795199309999997
2.68055383
2.6816441749999997
2.682504168
2.683453581
2.684287132
2.685147421
2.68598307
2.686846671
2.687670617
2.6885205
2.689742232
2.690634959
2.691517646
2.692760066
2.693823235
2.694758584
2.695667281
2.696695563
2.697927616
2.699170741
2.700298306
2.7021215769999998
2.703763021
2.704627047
2.705503764
2.706372972
2.70720291
2.708047773
2.709419158
2.710344961
2.711279909
2.712459448
2.713397193
2.7146736909999998
2.715633235
2.716671244
2.717581885
2.718559653
2.719386458
2.72022434
2.721147353
2.7220654
2.7229400139999997
2.723791765
2.724607356
2.725913403
2.726859429
2.727816658
2.728671502
2.729556433
2.730768258
2.731805754
2.732724826
2.733693099
2.734599214
2.735444484
2.736308169
2.737229617
2.738148206
2.739088905
2.739947704
2.74083053
2.741651333
2.742544033
2.743862873
2.744830038
2.745754563
2.7468415999999998
2.747844604
2.748869117
2.749864096
2.7508440050000003
2.751710244
2.752548741
2.753403318
2.754281267
2.755326583
2.7562858009999998
2.757281107
2.758515817
2.759510636
2.760340995
2.761579571
2.7625428359999997
2.763743373
2.76488216
2.7659097040000002
2.767069685
2.768107876
2.769816481
2.771206701
2.772416834
2.773553074
2.774540966
2.775428524
2.776287288
2.777113323
2.778006155
2.778906794
2.780011252
2.781832232
2.78333888
2.784412788
2.785365097
2.786453337
2.787476096
2.788627741
2.7896656159999997
2.790634073
2.791559768
2.7924419609999998
2.793385548
2.794325356
2.795232981
2.796257525
2.797428385
2.799151989
2.86817491
2.869335146
2.870405772
2.87136936
2.8721780839999997
2.87300015
2.8737660480000002
2.874740929
2.875584456
2.8764789950000003
2.877270265
2.8781123920000002
2.879081186
2.880039073
2.881272873
2.882173442
2.883611912
2.884517267
2.8853094
2.886136547
2.887081244
2.888036827
2.888920959
2.8897895609999997
2.890705872
2.8918418790000002
2.892838173
2.893708797
2.894637635
2.895783857
2.89684864
2.898218606
2.899862834
2.901293958
2.902648553
2.9053866680000002
2.906709952
2.907672185
2.908650517
2.909554817
2.9104465680000002
2.911483064
2.912492005
2.913388709
2.914271672
2.915143389
2.916064941
2.917095581
2.91795861
2.919421474
2.920429691
2.921438321
2.92236714
2.9234084559999998
2.924536974
2.925632094
2.926605548
2.927638517
2.928614113
2.929527905
2.930644152
2.932117895
2.933403952
2.9343508270000003
2.93589112
2.936949339
2.937890281
2.938796636
2.939656975
2.940559392
2.9413606
2.942191989
2.94301851
2.943885152
2.94487962
2.945784426
2.946724873
2.947900071
2.948880633
2.949800622
2.950738675
2.95219066
2.953340351
2.954267267
2.955196471
2.956098418
2.956957502
2.958132446
2.959245479
2.960203655
2.9613845149999998
2.962402847
2.963357435
2.964515566
2.965566505
2.966658646
2.969287353
2.970552837
2.971562637
2.972462466
2.973427989
2.974336607
2.975206584
2.976071594
2.977030642
2.977989106
2.978884899
2.979796791
2.980891873
2.981886576
2.982872726
2.983989175
2.985052064
2.986524132
2.987552778
2.988489466
2.989414702
2.990273652
2.991148502
2.991981787
2.992911633
2.993880158
2.9947753969999997
2.995628198
2.996531304
2.997503556
2.99832409
2.999114553
3.000052293
3.001449998
3.002471528
3.003400527
3.004377107
3.005263903
3.006087803
3.0069736
3.0079221
3.008855788
3.009799828
3.010671181
3.011513048
3.012363158
3.013252277
3.014527725
3.015590827
3.017123528
3.018084567
3.018979498
3.01984529
3.020762025
3.021645244
3.022515701
3.023438916
3.024559964
3.025727831
3.026697317
3.027580386
3.028455747
3.029336676
3.031248992
3.032428859
3.033585744
3.034837237
3.036425847
3.03808285
3.038966326
3.03986801
3.040797556
3.041730393
3.042628739
3.043567541
3.044484903
3.0454328
3.046379494
3.047686412
3.048700225
3.050243889
3.054683676
3.055769396
3.056757952
3.057809663
3.058881864
3.05988685
3.060840281
3.061863471
3.062905458
3.064130301
3.065524468
3.066638676
3.067593178
3.068684327
3.070235474
3.07139113
3.072586955
3.073684359
3.074618196
3.075576813
3.076509228
3.077395905
3.078347795
3.079300409
3.080221866
3.081118863
3.082005031
3.082958429
3.083995939
3.084930512
3.08629241
3.087262478
3.088200119
3.089070734
3.089937836
3.090772339
3.091683643
3.092821179
3.093937104
3.094878307
3.095692387
3.096532143
3.097802725
3.099115139
3.100339436
3.101940744
3.103761173
3.105134389
3.106103976
3.10703286
3.107933693
3.108845484
3.109736656
3.110625208
3.111460395
3.112383474
3.113324504
3.114595982
3.115605147
3.116828432
3.117731466
3.118669097
3.120140531
3.121125093
3.122067328
3.122954359
3.123795839
3.124620004
3.125492481
3.126363863
3.127211761
3.128113725
3.129208745
3.179528159
3.181094979
3.182542393
3.183603571
3.185268096
3.186322683
3.187313964
3.18850517
3.189449953
3.190403451
3.191249112
3.1921587909999998
3.1929961000000002
3.193860024
3.194739337
3.195580795
3.196432566
3.197256839
3.19821914
3.199213196
3.200645754
3.201611974
3.202541975
3.20358093
3.204618242
3.20553613
3.2064383850000002
3.207336788
3.208198672
3.209031426
3.209850913
3.210708186
3.211527274
3.212330726
3.21321381
3.214375889
3.215819321
3.216911254
3.217834604
3.218719899
3.219566584
3.22040678
3.221337613
3.222431817
3.223343938
3.224243349
3.225068656
3.225929564
3.22686958
3.227813469
3.228716419
3.2296268
3.231582264
3.232780484
3.234117887
3.235173341
3.236037725
3.236917168
3.237913662
3.238771333
3.239634718
3.240512133
3.241354634
3.242234606
3.243095594
3.243930077
3.244773691
3.245612103
3.247050083
3.248355155
3.24952402
3.250541032
3.252725028
3.253851701
3.254846228
3.255795742
3.256749502
3.257727946
3.258617119
3.25952982
3.260482221
3.261402357
3.262311748
3.263927702
3.265172145
3.26610837
3.267106034
3.2680705740000002
3.268978043
3.269884185
3.270733643
3.2715873699999998
3.272439272
3.2732732110000002
3.274142436
3.275051956
3.275957919
3.276773903
3.278143988
3.279116703
3.279992311
3.280853166
3.281851428
3.283132129
3.2840882750000002
3.284986597
3.285832837
3.286686238
3.287562696
3.288421928
3.289441318
3.290505762
3.292085122
3.293164349
3.294096624
3.295021964
3.295980689
3.296964905
3.298195497
3.299281999
3.300485212
3.301541581
3.303293229
3.304481018
3.305373288
3.30625778
3.307765272
3.308756942
3.309694369
3.310623728
3.311478647
3.312369827
3.313255393
3.314579557
3.315635426
3.316688146
3.317599208
3.318483354
3.319419961
3.3203660729999998
3.321639242
3.322958732
3.323971971
3.32490768
3.325799313
3.3266989479999998
3.327581524
3.328490642
3.329425538
3.330321396
3.331378316
3.332339066
3.3333748930000002
3.334257169
3.335137402
3.3359936
3.336846419
3.338148748
3.339147726
3.340150744
3.341094402
3.34196066
3.342864468
3.343683367
3.344629479
3.3454507319999998
3.346277485
3.347504979
3.348727839
3.349855607
3.350806573
3.352234074
3.353294896
3.354279366
3.355333926
3.356456859
3.357389485
3.35853336
3.359670071
3.360634997
3.361532429
3.362402976
3.363296731
3.364578818
3.36569409
3.367383532
3.369643643
3.370858341
3.371933703
3.372993857
3.373935521
3.374807675
3.375698837
3.376563498
3.377422093
3.378256162
3.379168634
3.380118372
3.381127657
3.382023663
3.383638327
3.384615577
3.385559088
3.386468893
3.3873635269999998
3.388478668
3.389529074
3.390487912
3.391378998
3.392262076
3.393105772
3.3940144549999998
3.394880405
3.395789716
3.397260994
3.398766951
3.399843528
3.400830455
3.401756985
3.402673104
3.403576354
3.404505384
3.405550213
3.406529759
3.407418442
3.408247655
3.409098874
3.409940321
3.410766343
3.411651787
3.41286505
3.414531813
3.415651522
3.416750826
3.41773785
3.418632932
3.419498459
3.420367449
3.421333909
3.422535676
3.423912317
3.425227031
3.426448024
3.427525847
3.428452191
3.429424676
3.43147303
3.432731576
3.434110573
3.435438963
3.437652514
3.439353034
3.440665129
3.441619509
3.442496679
3.443616264
3.509008353
3.510223576
3.511192001
3.51211188
3.513200907
3.514373678
3.51588117
3.51690963
3.517848489
3.5188836930000003
3.519816666
3.520827633
3.5217903919999998
3.5227182360000002
3.5235564520000002
3.524373699
3.525202573
3.525987722
3.526779038
3.527674884
3.5287138369999997
3.529736739
3.531119647
3.532263107
3.533411619
3.534400111
3.535294248
3.536239636
3.537397547
3.538430063
3.539385667
3.540290188
3.541207955
3.542107081
3.542993534
3.543914624
3.545550176
3.546695544
3.547813474
3.54882917
3.549793037
3.550759474
3.551664971
3.552586321
3.553701484
3.554653966
3.555606474
3.556644469
3.557849413
3.558915494
3.5603895039999998
3.561479463
3.5625331129999998
3.563551831
3.564688116
3.565682185
3.566661285
3.567707836
3.568666357
3.571200208
3.572274578
3.573254772
3.574195611
3.575171267
3.576081068
3.577573422
3.578697295
3.579687902
3.580873859
3.581919999
3.582905854
3.583879422
3.584763788
3.585763882
3.586815841
3.587775413
3.588695869
3.589608507
3.590517034
3.591446294
3.592885479
3.593923137
3.595007245
3.595955527
3.597050583
3.598138183
3.59907479
3.600050548
3.600967354
3.601905064
3.603016106
3.604029785
3.60492265
3.6058178659999998
3.606693031
3.608107861
3.609102856
3.610082163
3.611193172
3.61221782
3.613134331
3.614034058
3.614955639
3.615900471
3.616819656
3.6177175999999998
3.6186637839999998
3.6197286
3.620717804
3.621668805
3.623167623
3.6242388229999998
3.625485304
3.626692943
3.627866597
3.628811482
3.629789336
3.63094033
3.632194548
3.633275321
3.634214321
3.635855946
3.637487383
3.63857912
3.639592301
3.641080423
3.642095591
3.643091235
3.644250535
3.645265111
3.646192288
3.647230137
3.648486384
3.649680646
3.650740909
3.6517781190000003
3.652810807
3.653751823
3.654674456
3.655951201
3.657129374
3.658035478
3.658967557
3.660015111
3.661109397
3.662154501
3.663184157
3.66426386
3.66543141
3.666496494
3.667531781
3.668593879
3.66957192
3.671034633
3.672034038
3.6729300350000003
3.6738219069999998
3.674739755
3.675642231
3.676645942
3.677665768
3.678612689
3.679489962
3.680550409
3.681715685
3.6828696389999998
3.6839815529999997
3.684962696
3.686380863
3.687460731
3.688547443
3.68950217
3.690389136
3.691641185
3.692808667
3.693721903
3.694587553
3.695521038
3.6964460040000002
3.697518744
3.698710922
3.699952208
3.701492884
3.7025565609999997
3.703805406
3.705834948
3.706991114
3.708071496
3.709135721
3.710131476
3.711090274
3.712012907
3.7129634449999998
3.713969708
3.715089136
3.716929667
3.71809688
3.719139492
3.720129047
3.721117952
3.722013679
3.722940481
3.723849923
3.724763346
3.725660465
3.726535863
3.727467827
3.728393022
3.729292772
3.730228413
3.731869814
3.7330999990000002
3.734164152
3.735158055
3.736147551
3.7372177669999997
3.738195333
3.739154175
3.74005761
3.740988869
3.74191644
3.74281253
3.743764199
3.744658249
3.7454977339999997
3.747011922
3.748204094
3.749376489
3.750522195
3.751528119
3.752511869
3.753467547
3.754384106
3.755327229
3.756269956
3.757244614
3.8231815449999997
3.824731453
3.825901101
3.826986883
3.828573851
3.8295739319999997
3.8306120139999997
3.831714583
3.832666005
3.833562435
3.834535402
3.835428892
3.836259933
3.8370951189999998
3.838197017
3.83970441
3.840514459
3.8412679499999998
3.842037795
3.843518206
3.844567893
3.845508346
3.846476902
3.84766256
3.848706883
3.8497531929999997
3.85072442
3.85167778
3.852577663
3.853472478
3.854326915
3.85529393
3.856178775
3.857072078
3.858582988
3.859612886
3.8605554619999998
3.861515057
3.862449807
3.863438587
3.864659713
3.865746193
3.866751318
3.867870287
3.86898215
3.8699916
3.871085718
3.8722204590000002
3.873376248
3.8749220109999998
3.876114501
3.877123575
3.878194321
3.879193206
3.8801872939999997
3.881298584
3.882351314
3.883334484
3.884318738
3.885264956
3.886169942
3.887052507
3.8879213249999998
3.888774818
3.8901838
3.891232938
3.89249211
3.8936511190000003
3.894613213
3.895554481
3.896521639
3.897956374
3.899134874
3.900128647
3.901115064
3.902050861
3.9030934520000002
3.904518407
3.9056058179999997
3.907107415
3.908102867
3.9090664200000003
3.910038455
3.911003097
3.911956667
3.912955153
3.913944455
3.914913851
3.9158937849999997
3.916841466
3.917779173
3.9187642350000003
3.919799665
3.921403047
3.922599695
3.92379161
3.925002542
3.926034808
3.92704084
3.927991889
3.928952361
3.929946528
3.9311091620000003
3.932353364
3.933406334
3.934397341
3.936000998
3.9370336420000003
3.9380194189999997
3.938953048
3.939931547
3.9408553939999997
3.941785261
3.9426638
3.943534035
3.944496565
3.945451946
3.946424623
3.947384965
3.948296446
3.949804144
3.950860538
3.951812887
3.9527230380000002
3.953666422
3.95459185
3.95553394
3.956466025
3.9573377020000002
3.958252246
3.9595197840000003
3.9606517820000002
3.961594261
3.962602423
3.964471412
3.9656377579999997
3.966691827
3.967662321
3.9686655440000003
3.969606899
3.970558114
3.9724503110000002
3.973913524
3.974910725
3.975921473
3.976904498
3.977846677
3.9787435909999997
3.980298403
3.981861236
3.98296693
3.983976328
3.984934208
3.985872374
3.9868475439999997
3.987811654
3.98872366
3.989742963
3.9907136210000003
3.991661198
3.992588109
3.993479494
3.994855159
3.9960354860000002
3.996977205
3.997909535
3.998788975
3.99974642
4.000646353
4.001536746
4.002426123
4.003357255
4.004269146
4.005209442
4.006217596
4.007165369
4.008114364
4.009690634
4.010768653
4.01177338
4.012717873
4.013810165
4.014978109
4.016032492
4.017087948
4.018095831
4.019033268
4.019953695
4.020915051
4.022404939
4.023376695
4.02434166
4.02557308
4.026702801
4.027636195
4.028563279
4.029566524
4.0307198379999996
4.031915384
4.033025324
4.033968978
4.035216927
4.036347275
4.037829275
4.039574981
4.040717004
4.041738859
4.04276636
4.0437523
4.04472731
4.04572736
4.046844189
4.047926282
4.048952897
4.050008621
4.051066278
4.05215144
4.053244392
4.055075501
4.056248711
4.057345889
4.05845818
4.059620998
4.060724511
4.0617799980000004
4.062838801
4.06410868
4.065221578
4.066209379
4.067211644
4.068166854
4.069872462
4.113166279
4.114454797
4.115429759
4.116343782
4.117261505
4.118200108
4.119111466
4.120179524
4.121263795
4.122285222
4.123157797
4.123991906
4.124996938
4.125931504
4.127336866
4.128331429
4.129309981
4.13017216
4.131125894
4.132152035
4.133141619
4.134110301
4.135090225
4.136022212
4.136946662
4.137955637
4.138943313
4.140480959
4.141508255
4.142493073
4.143459241
4.144446047
4.145542537
4.146583746
4.147857242
4.148915462
4.14991793
4.150935673
4.1518704
4.152762055
4.153857621
4.154944925
4.156213926
4.157339643
4.158468529
4.159722985
4.160817231
4.16194811
4.163160779
4.16435887
4.165477294
4.166517229
4.16750881
4.168500596
4.169740718
4.171736225
4.173352119
4.174447617
4.175436604
4.176473157
4.17747137
4.178556361
4.179723817
4.180853403
4.182109851
4.183330188
4.18448315
4.185498134
4.186659909
4.187868483
4.189338258
4.190626919
4.191707297
4.192746403
4.193803966
4.194955071
4.196113489
4.197288121
4.1984984260000004
4.199649723
4.20085392
4.202016521
4.203217358
4.20443491
4.20604438
4.207164827
4.208180669
4.209218262
4.210204992
4.21126859
4.212469485
4.2135963929999996
4.214834973
4.216021552
4.21710465
4.21816507
4.219171315
4.220345667
4.221342334
4.222947741
4.224261034
4.22550111
4.226704564
4.227971492
4.229275062
4.230608887
4.231984527
4.233286002
4.234729277
4.236107723
4.237397779
4.238586093
4.239668672
4.241348466
4.242459719
4.243463607
4.244742544
4.245866363
4.246976232
4.248192374
4.249289879
4.250320058
4.251309282
4.252398403
4.253482328
4.254707324
4.256333989
4.257406884
4.258887285
4.260191933
4.261413236
4.2625157080000005
4.263632262
4.264874009
4.265970004
4.267069297
4.268106198
4.2692056560000005
4.270274008
4.271283583
4.272287285
4.273638623
4.274967965
4.275981575
4.277071903
4.278060594
4.279063246
4.280032876
4.280975093
4.28795954
4.28929733
4.290542245
4.291976971
4.29319296
4.294360192
4.296066725
4.297261848
4.298401687
4.299905603
4.301570794
4.303405097
4.304882744
4.30653534
4.308414874
4.309583491
4.310812271
4.312052035
4.313200216
4.314379064
4.31588117
4.317317611
4.318715443
4.319937575
4.32112605
4.322308479
4.323432979
4.324490656
4.325537998
4.326616356
4.327769212
4.328816996
4.329820914
4.331366903
4.332454436
4.333496001
4.334587562
4.33572206
4.336770294
4.33777133
4.338704689
4.339710186
4.340629597
4.341599906
4.342635489
4.34371493
4.344756755
4.34615215
4.347403935
4.348414397
4.349375048
4.350411996
4.351621518
4.352651837
4.353681077
4.354690643
4.355671121
4.356627387
4.357599979
4.358874917
4.360693208
4.361766176
4.362794186
4.363875558
4.364927117
4.36595085
4.367022244
4.368333034
4.369419767
4.3704414
4.372128881
4.409367291
4.410594568
4.412202318
4.41327482
4.414229906
4.415164093
4.416074837
4.417275764
4.418324363
4.419314641
4.420238239
4.421101854
4.421930021
4.422922034
4.425278409
4.426622643
4.427790328
4.428974337
4.430000823
4.431082488
4.432295939
4.433415414
4.434627277
4.435880983
4.437013157
4.438238976
4.439313274
4.441827738
4.443456074
4.444621948
4.445675002
4.446686094
4.447760499
4.448789254
4.449867294
4.450965775
4.452009001
4.452958091
4.453903192
4.454830514
4.456406659
4.457515021
4.458731471
4.459836259
4.460856177
4.4618658270000005
4.462893548
4.463851302
4.464769587
4.4657052
4.466745706
4.467813065
4.468787907
4.470340504
4.471399147
4.472386258
4.473421334
4.474558045
4.47567993
4.47668944
4.477658367
4.478667756
4.479637443
4.48062507
4.48157255
4.482514384
4.484311606
4.485520117
4.486541712
4.487528797
4.488545067
4.489522289
4.490446284
4.491491383
4.492816998
4.493989733
4.495000768
4.495965963
4.497111203
4.498307805
4.50007185
4.5013701699999995
4.502574429
4.503825823
4.50496995
4.506098485
4.507501889
4.509084001
4.511192465
4.51303856
4.514368614
4.51558466
4.516777182
4.518820445
4.520325784
4.521557232
4.522754695
4.524092379
4.525438172
4.527045554
4.528389636
4.529473573
4.530494113
4.531585712
4.532742452
4.533756766
4.534950179
4.536592834
4.538058692
4.539325488
4.540497662
4.541571811
4.542720998
4.54380618
4.544824752
4.545848325
4.54685207
4.547848945
4.548873904
4.550344045
4.551784925
4.553044005
4.554437239
4.555619078
4.55670787
4.557990574
4.559277449
4.560370962
4.561331085
4.562363208
4.5633440929999995
4.564296177
4.565256364
4.566660634
4.567947231
4.569212129
4.570406554
4.571599761
4.572682001
4.573892719
4.5764182380000005
4.57832286
4.579632048
4.580705268
4.58173036
4.5827692429999995
4.584627594
4.585906993
4.587161255
4.588394298
4.589619337
4.590722775
4.592100345
4.593327225
4.5943944
4.595420761
4.596483255
4.597486071
4.599055652
4.600197261
4.6013947250000005
4.602641386
4.603994772
4.605115413
4.606286167
4.607359752
4.608586476
4.609976923
4.611269534
4.612391264
4.613457979
4.615145716
4.616317018
4.617473261
4.618706568
4.619919222
4.621113396
4.622324702
4.623410827
4.624443554
4.625833777
4.6270498700000005
4.628131341
4.629867243
4.631022018
4.632113845
4.633189312
4.634465557
4.635749427
4.637076093
4.638218506
4.6393788990000004
4.640495782
4.641714251
4.643289176
4.645465831
4.647794209
4.649051587
4.650237317
4.651614016
4.652864212
4.6541196540000005
4.655240114
4.656322618
4.657527037
4.658831139
4.660222792
4.6613429140000004
4.662472314
4.664057797
4.744543989
4.746245906
4.747395623
4.748600611
4.749674058
4.7507424270000005
4.752057788
4.753287337
4.7549972910000005
4.75748533
4.938343057
4.940867301
4.9418456410000005
4.942731801
4.943786868
4.94616914
4.946994071
4.947830131
4.948805222
4.949646295
4.950443412
4.95126393
4.952133343
4.953119605
4.954801103
4.9559450720000005
4.956782021
4.957599378
4.959229014
4.960775182
4.962188186
4.963048038
4.963865363
4.96465011
4.965483624
4.966188055
4.9672231589999996
4.968390991
4.9693744330000005
4.970352298
4.971406151
4.9725643999999996
4.97388292
4.974731012
4.975544141
4.976523426
4.977900699
4.979264414
4.980214368
4.981676077
4.982532604
4.983341095
4.984251452
4.985183554
4.986087646
4.98693888
4.987769805
4.988729818
4.989636238
4.990494506
4.991226979
4.99197517
4.99317914
4.994213422
4.9949698300000005
4.995683459
4.996446726
4.997190621
4.997921037
4.998682702
4.999399386
5.000150058
5.000944873
5.001802802
5.003138052
5.004283423
5.005286486
5.006161912
5.006998503
5.007819268
5.008742538
5.009539811
5.010301505
5.011135878
5.011874354
5.012590272
5.013690735
5.014752259
5.015477442
5.01627398
5.017011042
5.017800989
5.018607311
5.019431584
5.020283488
5.021269577
5.022098633
5.022952607
5.024098269
5.025000983
5.025786047
5.026575005
5.027357391
5.028301867
5.029167463
5.029946045
5.030654242
5.031362992
5.032115146
5.032884426
5.033622814
5.034826241
5.03601618
5.036975163
5.038086457
5.039202769
5.040075627
5.040945393
5.041738864
5.042484722
5.043275176
5.043977909
5.044670802
5.046036111
5.046891095
5.047689739
5.04841247
5.049165442
5.04988594
5.050662707
5.051459378
5.052247769
5.05309695
5.053998735
5.055683417
5.056770572
5.057781768
5.058693485
5.059705095
5.060658584
5.061502436
5.062372121
5.063260149
5.064918108
5.066909581
5.068223357
5.069242195
5.07019244
5.070993963
5.071839371
5.072648535
5.073426876
5.074294877
5.075249123
5.076105025
5.077166011
5.078540937
5.07966089
5.080454639
5.081282332
5.082155722
5.083016558
5.083809465
5.08464263
5.085548243
5.086334279
5.087122192
5.087932486
5.089057334
5.08997862
5.090769552
5.0915330149999996
5.092311887
5.093055113
5.093873344
5.094996468
5.095934732
5.096705228
5.097390386
5.09802466
5.099071659
5.100147952
5.101010442
5.101842179
5.102617933
5.103358271
5.104102381
5.10482645
5.10556784
5.106269118
5.106958397
5.108050821
5.109078417
5.109854068
5.110585887
5.111348021
5.112086045
5.112864528
5.113570045
5.11432514
5.115084654
5.1157809
5.117029047
5.118069022
5.118906818
5.119814795
5.120858728
5.159865216
5.160873827
5.16183983
5.162685075
5.163464383
5.164319679
5.165096261
5.166646923
5.167549439
5.16835871
5.169140909
5.169898195
5.17076922
5.171495021
5.172289289
5.173042271
5.173734525
5.1745394749999996
5.175275003
5.176622929
5.177376976
5.178064801
5.178715707
5.179463499
5.180183847
5.180904325
5.181603991