0.001763138
0.002691161
0.003816891
0.004973096
0.005788565
0.006469428
0.007287455
0.008070326
0.008812119
0.009593098
0.010431105
0.011306915
0.011944274
0.012533103
0.013159711
0.013815263
0.014397596
0.014987924
0.016055305
0.016843428
0.0174403
0.018033951
0.018636555
0.019305803
0.02021556
0.020920898
0.021601411
0.022223622
0.022854519
0.023426605
0.024025457
0.024669144
0.025528869
0.026152171
0.026759619
0.027401963
0.028054039
0.02875729
0.02937679
0.029918965
0.030464384
0.03102378
0.032221665
0.032930478
0.033618886
0.034449873
0.035044782
0.035629225
0.03622622
0.036782407
0.037527575
0.038059826
0.0385951
0.039143599
0.039734115
0.040298481
0.04085583
0.041447789
0.042476109
0.043331165
0.044453343
0.045566507
0.046585378
0.047643079
0.048682927
0.049575059
0.051615269
0.052900442
0.05385994
0.054782618
0.055679533
0.057143612
0.058216228
0.059371144
0.061160626
0.061940013
0.06264248
0.063262782
0.063852547
0.064422671
0.065086777
0.065733802
0.066517445
0.067059947
0.067839713
0.068379307
0.068903813
0.069467398
0.069996631
0.070543688
0.071697863
0.072249211
0.072819165
0.073364691
0.073934032
0.074550365
0.075243057
0.076466223
0.077882964
0.078996223