504300
594701
658700
709501
757100
812401
854701
894700
933300
972801
1013201
1051601
1092600
1139100
1178500
1216600
1262700
1302101
1341201
1387701
1431101
1469301
1505001
1540301
1573801
1609001
2271600
2315900
2363300
2404001
2444101
2484600
2525501
2566201
2606300
2646200
2686901
2731301
2771201
2811201
2851200
2890900
2930601
2970701
3011100
3050700
3090501
3133600
3173300
3213201
3252901
3292201
3332001
3371800
3411401
3451001
3493600
3533701
3573201
3612701
3652401
3691700
3732701
3791600
3862701
3913400
3945600
3977601
4009301
4040701
4071901
4103501
4135200
4166700
4198201
4229401
4261501
4293301
4324801
4356001
4387001
4418400
4449900
4481401
4512701
4988901
5027501
5061300
5093801
5126601
5159500
5191200
5464101
5501101
5537801
5570201
5602301
5634300
5667901
5722201
5822301
5888901
6119801
6234001
6350701
6458700
6530401
6565101
6595701
6629801
6659300
6688900
6720400
6754901
6784201
6813301
6842500
6871500
6900601
6929501
6977801
7007001
7036001
7065001
7093800
7122701
7151601
7180401
7212601
7242601
7272001
7301300
7330400
7359401
7388201
7417201
7446200
7993101
8050500
8089901
8512101
8546600
8622200
8645100
8689501
8712801
8736101
8824401
8882500
8954401
9065001
9141301
9221801
9318700
9428901
9489501
9552001
9794901
9844101
9891600
9936201
9983300
10030800
10078401
10121400
10180001
10266300
10365400
10434200
10562901
10681801
10772401
10837801
12047800
12073801
12094600
12112001
12129101
12145701
12162500
12179201
12195501
12211801
12227901
12244001
12260001
12276300
12292300
12308500
12324601
12340901
12356901
12373201
12389401
12405601
12421700
12438100
12454101
12470101
12486201
12502301
12518401
12534401
12550401
12566600
12582800
12598800
12614801
12634001
12670601
12687201
12723401
12753901
12770501
12787101
12803700
12820500
12836801
12889100
12918700
12941200
12958000
12973700
12990301
13006401
13022301
13038301
13054201
13070101
13086300
13102200
13118100
13134000
13150101
13166101
13182101
13197901
13214101
13229901
13245901
13261901
13960601
14007701
14027200
14044201
14060901
14077301
14093501
14109601
14125501
14141700
14157800
14173800
14189901
14205801
14221501
14241100
14257800
14273701
14289601
14309201
14325700
14341800
14357901
14374001
14390201
14406101
14421901
14437801
14453801
14469900
14487801
14503801
14519701
14535901
14552001
14567801
14586700
14602401
14618101
14633801
14675001
14692300
14722800
14757701
14775001
14792200
14809101
14839101
14875001
14908401
14925701
14942201
14958501
14974800
14991000
15007501
15043001
15060300
15093501
15110301
15126901
15143800
15160401
15177001
15193301
15229001
15245801
15289400
15305100
15321001
15336801
15352701
15368601
15384601
15400501
15416501
15432401
15448500
15464200
15480200
15496000
15511901
15528601
15544701
15560401
15576601
15592501
15608401
15624600
15642401
15678000
15714201
15744401
15761201
15778100
15795301
15811501
15827901
15860301
15879701
15895901
15911601
15927601
15943401
15962400
15978401
15994201
16010101
16026201
16042201
16058101
16074001
16090001
16105900
16122200
16138500
16154501
16171001
16187201
16203001
16218801
16234501
16250501
16266300
16282400
16298700
16314801
16330901
16346901
16363001
16378801
16394501
16410501
16426401
16442400
16458300
16474200
16490000
16505801
16521701
16537701
16553501
16569401
16585301
16601401
16617201
16633101
16689101
16706601
16723501
16753701
16782801
16798701
16814501
16830301
16846201
16862101
16877801
16893700
16909500
16925600
16941401
16957201
16973201
16989201
17005401
17021801
17037601
17053401
17069300
17085100
17101000
17116800
17132801
17148601
17164401
17180201
17196501
17212401
17228301
17244201
17260900
17276900
17292900
17308701
17324601
17340701
17356401
17372101
17388101
17403901
17419701
17435501
17451400
17467200
17483200
17499200
17518301
17534101
17549901
17569201
17805000
17824701
17841900
17858801
17875201
17891501
17907701
17923801
17940101
17956300
17972500
17988500
18004701
19348700
19382701
19402901
19420001
19436501
19452901
19702601
19755601
19781401
19799500
19816401
19833301
19850601
20040901
20059300
20075901
20092201
20108401
20124401
20140501
20156701
20172700
20188500
20204500
20220600
20330501
20363101
20381100
20447001
20464100
20506601
20540800
20559301
20574901
20606201
20621501
20658001
20674001
20689301
20704401
20720501
20777800
20820201
20837601
20853900
20870601
20886401
20902001
20918001
20934001
20949401
20965001
20980701
21012801
21642100
21679600
21699901
21738501
21755000
21770201
21785201
21800201
21820501
21835801
21853501
23185300
23207301
23224100
23239000
23253900
23268201
23282301
23296301
23310301
23331500
23379701
23423200
23462401
23510801
23546301
23560700
23575200
23605900
23621700
23635900
23649701
23663801
23677601
23691601
23705500
23719800
23733501
23747501
23761301
23775000
23788800
23802701
23817001
23834600
23848901
23862801
23876501
23890201
23904300
23918101
23931901
23945401
23959301
23972900
23986701
24000901
24015201
24048201
24062301
24076601
24091501
24106001
24131301
24160201
24383801
24401200
24431400
24444601
24476700
24489801
24502901
24516000
24529001
24542001
24555101
24568200
24581601
24594701
24642601
24662701
24676500
24689901
24703001
24748301
24761501
24788201
24820201
24833601
24860400
24892401
24907101
24924601
24938401
24965401
24978201
24991201
25004000
25035600
25048701
25061801
25075001
25101701
25114701
25127200
25140401
25153201
25166000
25178801
25191701
25204400
25217001
25229701
25243801
25256500
25269901
25283201
25296100
25308801
25321301
25334100
25347101
25359901
25372500
25385201
25398401
25411100
25424700
25456800
25469801
25495901
25528101
25541801
25555400
25568701
25596001
25630700
25668201
25737201
25783401
25862000
25902501
25950901
26005500
26040801
26090300
26123601
26157801
28170600
28199001
28215400
28229800
28243201
28256301
28269600
28282501
28295201
28307900
28320601
28333501
28346300
28359101
28375100
28390101
28406300
28422500
28439001
28455301
28471501
28486401
28502901
28519301
28535500
28551800
28566600
28582800
28599301
28636900
28670301
28685001
28701101
28717201
28733301
28749201
28765700
28780700
28796900
28813201
28829201
28845101
28859601
28875701
28891601
28907401
28923201
28937501
28953501
28968601
28984801
29000801
29016601
29031001
29046801
29062401
29078200
29094000
29108301
29124300
29140300
29156300
29172100
29189501
29204001
29220201
29236201
29252101
29268101
29282701
29298701
29314901
29330401
29346200
29360501
29376400
29392300
29408000
29423700
29439600
29454100
29471001
29487101
29503501
29518401
29533201
29549101
29565201
29580901
29596701
29633701
29649601
29665801
29927100
29942800
29958400
29973000
29988600
30004500
30020100
30036101
30050500
30066500
30082201
30098201
30113901
30130401
30144801
30160501
30176401
30192201
30208001
30222801
30238501
30254301
30270401
30286300
30300701
30316800
30332800
30348000
30370500
30387100
30401700
30417700
30433400
30449601
30465401
30479901
30496001
30512201
30528201
30544201
30560201
30574601
30590501
30627401
30644301
30661100
30676200
30731901
30768000
30789401
30807400
30880301
30907501
30936200
30980601
31007901
31033401
31057301
31081700
31106200
31155401
31194901
31217001
31241700
31265800
31290001
31316401
31361801
31391601
31426700
31443801
31460401
31476601
31491401
31507701
31524001
31540600
31556700
31577900
31886401
31906800
31924201
31940701
31957101
31972101
31989401
32006100
32022500
32038800
32053900
32070101
32086501
32103101
32119601
32134401
32150601
32167100
32183000
32199701
32216101
32231001
32247601
32263901
32280401
32296500
32312600
32327400
32343600
32359800
32376001
32392401
32407301
32423701
32439801
32456101
32472300
32487201
32503600
32519900
32536401
32552701
32569001
32583801
32602201
32618700
32635201
32656300
32672000
32688801
32705501
32721801
32738401
32753101
32857801
32873601
32888801
32903901
32919001
32932800
32947800
32963100
32978000
32993000
33007700
33021301
33036101
33051201
33066201
33081301
33095001
33110001
33125001
33139801
33154600
33168100
33183900
33198800
33214500
33229400
33244400
33258001
33272901
33287901
33303101
33318201
33331801
33346801
33362101
33376400
33391300
33406400
33419801
33434501
33449501
33465401
33480301
33493901
33508701
33523701
33538901
33553801
33568801
33582500
33616701
33634201
33663501
33678501
33692001
33707201
33722401
33737401
33752401
33765900
33780800
33795900
33811000
33826000
33841000
33854601
33869801
33885401
33900801
33915501
35553400
35596301
35634301
35660400
35678101
35703301
35725401
35738200
35750501
35762701
35774800
35800301
35812900
35824901
35836700
35851100
35863101
35875000
35886801
35898600
35910301
35922501
35934401
35946101
35958100
35970201
35982300
35994301
36006301
36018401
36030201
36042101
36054301
36066500
36078501
36090401
36102201
36114201
36126001
36137901
36149900
36161901
36174000
36186001
36198501
36210600
36222501
36235000
36247101
36259201
36271101
36283001
36295000
36307001
36318900
36330901
36343101
36354901
36366801
36378600
36390501
36402500
36414401
36426300
36438101
36450001
36462001
36473801
36485700
36497701
36509600
36531401
36543701
36555700
36567701
36579801
36612401
36624900
36637201
36649701
36662000
36674401
36686601
36699600
36718201
36731400
36744001
36756601
36768700
36812201
36836501
36884700
36918701
36946400
36983700
37015901
37048901
37096501
37112400
37125301
37137601
37149801
37162301
37174300
37186301
37198300
37210301
37222301
37234201
37246101
37258000
37270001
37281800
37293601
37305600
37317301
37329301
37341001
37353801
37365700
37377601
37389500
37401301
37413101
37425101
37436901
37448800
37461401
37473400
37485201
37496901
37508801
37520701
37532801
37573200
37636001
37674001
37923900
37940501
37955300
37974901
37996101
38007300
38025801
38046700
38211801
38224301
38235001
38245000
38254901
38264501
38274301
38284200
38294401
38304101
38316301
38328900
38340301
38353000
38365901
38377201
38389800
38402401
38413800
38426601
38437901
38450500
38463001
38474400
38487101
38499901
38511101
38523701
38536200
38547601
38560201
38572800
38584101
38596600
38608001
38623601
38636201
38647501
38660101
38673100
38684201
38696900
38709701
38721301
38733800
38746601
38757800
38770301
38783501
38822101
38851601
38863100
38875701
38888301
38899501
38912001
38924700
38936001
38948800
38961501
38972801
38985400
38996701
39009300
39022201
39033701
39046400
39059201
39070500
39083201
39096001
39107501
39120101
39133001
39144401
39157001
39168201
39181001
39193800
39205201
39218001
39230500
39241601
39254000
39266701
39278000
39290601
39302201
39314400
39326801
39338300
39351001
39363601
39374801
39387401
39399900
39411201
39423901
39436400
39448201
39464501
39477801
39489001
39501401
39512501
39525201
39537700
39549201
39562001
39574600
39585801
39598500
39611101
39624001
39636600
39649201
39660401
39673001
39684301
39696800
39709501
39720900
39733801
39746701
39758100
39770801
39782601
39794001
39806901
39819500
39830901
39843600
39855001
39867801
39880300
39891701
39904500
39917101
39928301
39941000
39953601
39965100
39977801
39990601
40001801
40014601
40025900
40038401
40051101
40062401
40075001
40087600
40098701
40111401
40124001
40135301
40161101
40172100
40184601
40197401
40208500
40220801
40233200
40244201
40256601
40268201
40279100
40291301
40303701
40314701
40327201
40339500
40350501
40362900
40373901
40386300
40398501
40409501
40421701
40434001
40444901
40456901
40469100
40480001
40492200
40503201
40515300
40546800
40558101
40570701
40615500
40654301
40681501
40699300
40727601
40740801
40753901
40765601
40797400
40809301
40839001
40871301
40883401
40913000
40944501
40958300
40972001
41015801
41052601
41083301
41097100
41121801
41134400
41147101
41158601
41171501
41182701
41195700
41208501
41219500
41231901
41244201
41255401
41267801
41280400
41291701
41304001
41315001
41327501
41339900
41351001
41382901
41396601
41408500
41421801
41434801
41446701
41459601
41473201
41484901
41504901
41517901
41530800
41543301
41554900
41567801
41602701
41615000
41644701
41676700
41688601
41718201
41750701
41779001
41791700
41823801
41837500
41851301
41879601
41906200
41919801
41932101
41967300
41981601
41994001
42024601
42037901
42062501
42075100
42086301
42099501
42112400
42124001
42137201
42149501
42161101
42174400
42186701
42197800
42210401
42223201
42234300
42246001
42258600
42270301
42283001
42294101
42306701
42319400
42330501
42343401
42355901
42367101
42379800
42392501
42403600
42416501
42428601
42441300
42453701
42465000
42477301
42490301
42501800
42514701
42528301
42540200
42553601
42566901
42599001
42631600
42643601
42673801
42700101
42711301
42723900
42736701
42748200
42761700
42775701
42786901
44127001
44155901
44167601
44177700
44187601
44197001
44206500
44215900
44225301
44234801
44244201
44253700
44263101
44272501
44282900
44292200
44301601
44311001
44320301
44329600
44338901
44348201
44357601
44367200
44376600
44386001
44395401
44404601
44414100
44423401
44432801
44443700
44453501
44463101
44472401
44482000
44491300
44500701
44510101
44519701
44529100
44538501
44548001
44557901
44586201
44598601
44608501
44641801
44719800
44753801
44765000
44775301
44785601
44812801
44841900
44871101
44916601
44946401
44972800
45009400
45019501
45029501
45039800
45049801
45059701
45069801
45079800
45089701
45109700
45145801
45189801
45220001
45243901
45261500
45277700
45293200
45308100
45333901
45359001
45376500
45387801
45414200
45424101
45433901
45443801
45453600
45463401
45473201
45483000
45492800
45503701
45513500
45524101
45533901
45543601
45553200
45584901
45595001
45621300
45631001
45640701
45650601
45660300
45670301
45679901
45689600
45699401
45709201
45718901
45728600
45738401
45748201
45758200
45767800
45777701
45800401
45809901
45819300
45828700
45838101
45847601
45857001
45866600
45876101
45885501
45895001
45904400
45913901
45923301
45932801
45942600
45951901
45961301
45970701
45980100
45989700
45999201
46008501
46017801
46027100
46036601
46046101
46055501
46064800
46074201
46083701
46093001
46102500
46112000
46122101
46131801
46141200
46150501
46160001
46169501
46178900
46188300
46197701
46207001
46216401
46225800
46235101
46244501
46253901
46263400
46272701
46282101
46291601
46301000
46311101
46320601
46330101
46339500
46349000
46358401
46367801
46377201
46386500
46396001
46405501
46414901
46424300
46433601
46443101
46452501
46461900
46471200
46480501
46489801
46499301
46508800
46518101
46527501
46537001
46546300
46555701
46585700
46595701
46605501
46628601
46638100
46647601
46657001
46666501
46675900
46685300
46694801
46704201
46714100
46723500
46732901
46742201
46751701
46761000
46770501
46779901
46789301
46798700
46808201
46817601
46826901
46836400
46845700
46855001
46864401
46873901
46886001
46895601
46905200
46914701
46924001
46933401
46943000
46952500
46962101
46973001
46982300
46992001
47001401
47019201
47028800
47038101
47047601
47056901
47066300
47075701
47085601
47095701
47105200
47114501
47123901
47133301
47142600
47151901
47161201
47170501
47179801
47189200
47198701
47208101
47217501
47226900
47236201
47245601
47254901
47264200
47273700
47283001
47292401
47301801
47311100
47320601
47329901
47339201
47348600
47358000
47367501
47377101
47386500
47395900
47405301
47414701
47424301
47433800
47443201
47452601
47462101
47471600
47481101
47490501
47499901
47509300
47518801
47528201
47537501
47547000
47575401
47605801
47616000
47626201
47636601
47646800
47665801
47728701
47748101
47759701
47770200
47797101
47807200
47817701
47827401
47837201
47846900
47856501
47866101
47875700
47885500
47895001
47904701
47914400
47924501
47953600
47963401
47973201
47999400
48010301
48020401
48030200
48046601
48436101
48449000
48459201
48469001
48478701
48488300
48498101
48507601
48517101
48526600
48536101
48545601
48557300
48567001
48576701
48586301
48595900
48605501
48615001
48628401
49095001
49116501
49129500
49140701
49151101
49161200
49171101
49181101
49191000
49201001
49210901
49220701
49230900
49240701
49250701
49261100
49271101
49281001
49290900
49300801
49310601
49320500
49330200
49340001
49349901
49359700
49369601
49383300
50894601
50913101
50925401
50936501
50960001
50969601
50978901
50988600
50998101
51007401
51016801
51026100
51035501
51045001
51054401
51063800
51073301
51082701
51091901
51101301
51110800
51120301
51129601
51139101
51148500
51160301
51172500
51181901
51191501
51200900
51210400
51220001
51229301
51238701
51247900
51257401
51267001
51276401
51285800
51295201
51304601
51314001
51323500
51332800
51342101
51351601
51367101
51404301
51425301
51443201
51460301
51471801
51481701
51491400
51514700
51524401
51533901
51545200
51569200
51578701
51588101
51597601
51606900
51616201
51625601
51635101
51644900
51654301
51663801
51673201
51682600
51692000
51701501
51710801
51720101
51729500
51739001
51748201
51757601
51767000
51776300
51785701
51795301
51804701
51814100
51823601
51833101
51842401
51851900
51861301
51870701
51880101
51889500
51898801
51908201
51917801
51927200
51936500
51945801
51955301
51964701
51974000
51983501
51993101
52002601
53404500
53423801
53434500
53444601
53454401
53464000
53473300
53482601
53491901
53501201
53510400
53519701
53528901
53540600
53551101
53560601
53597301
53606801
53616301
53625800
53635501
53645101
53654800
53664400
53704301
53722901
53739900
53762800
53777300
53787501
53797001
53806501
53815900
53825501
53835201
53844501
53853700
53882301
53891900
53901701
53927401
53936701
53946000
53974601
53984100
53993901
54016901
54026401
54035901
54045200
54054400
54063601
54072801
54082001
54092000
54101301
54110801
54120101
54129600
54139001
54148201
54157501
54167100
54176400
54185901
54195201
54204601
54213900
54223301
54232601
54241901
54251100
54260400
54269701
54279001
54288401
54297600
54307001
54317001
54326401
54335500
54344700
54354001
54363401
54372601
54382000
54391201
54400401
54409801
54419001
54428300
54437701
54446901
54456801
54466100
54475401
54484601
54493801
54503001
54512200
54522201
54531501
54543901
54553401
54562701
54571901
54581200
54590501
54599801
54608901
54618200
54627300
54636601
54645801
54655101
54664300
54673500
54682801
54691901
54701101
54710400
54719801
54729001
54738301
54747501
54756700
54765901
54775101
54784401
54793501
54802800
54811901
54824700
54834100
54843301
54852501
54861801
54871100
54880401
54889801
54899001
54908201
54917400
54926701
54935801
54944901
54954201
54982601
54992700
55002000
55011201
55020401
55029901
55039000
55048200
55057301
55066601
55075701
55085000
55094201
55103401
55112701
55122201
55131500
55140601
55149901
55159001
55168101
55177300
55186601
55195701
55204801
55214400
55223700
55233101
55242201
55251401
55260700
55269900
55279001
55288201
55297401
55306600
55315700
55324801
55334001
55343201
55352400
55362301
55371401
55380701
55389701
55398900
55408001
55417101
55426101
55435301
55444500
55453801
55463101
55472101
55481301
55490500
55499701
55508801
55517901
55527101
55538001
55547201
55556401
55565401
55575200
55584401
55593501
55602501
55611601
55620700
55629901
55639101
55648301
55657501
55666700
55675801
55684901
55694101
55703201
55712500
55721701
55730901
55740001
55749101
55758400
55767601
55776601
55785701
55795300
55804600
55813801
55823101
55832301
55841400
55861401
55871001
55890901
55910300
55921201
55930501
55939801
55949100
55958501
55968101
55977401
55986600
55996100
56005301
56014501
56023701
56033000
56042301
56051601
56060801
56070001
56079300
56088401
56097801
56107101
56116400
56125700
56134901
56144401
56153601
56162800
56172001
56181501
56190701
56200500
56209700
56219201
56228501
56237601
56247000
56256101
56265401
56274701
56284001
56293200
56302401
56311701
56320901
56330500
56339800
56349201
56358501
56367701
56376900
56386101
56395301
56404701
56413901
56423100
56432301
56441601
56450801
56462100
56471501
56480701
56489901
56499100
56508501
56517801
56528401
56537900
56547201
56556401
56565501
56574801
56584000
56593301
56602501
56611701
56621000
56630300
56639501
56648801
56658001
56667200
56676400
56685701
56694901
56704601
56714000
56723301
56732501
56741901
56751100
56760400
56769701
56779301
56788601
56797900
56807101
56816201
56825401
56834601
56843800
56853001
56862201
56871401
56880700
56889900
56899101
56908401
56917601
56926800
56936000
56945101
56954301
56963501
56972900
56982200
56991401
57000501
57009701
57018900
57028100
57037301
57046701
57055901
57065600
57074901
57084301
57093401
57102700
57112200
57121301
57130601
57139901
57149200
57158601
57167901
57177101
57186400
57195600
57204801
57214201
57223401
57232700
57241900
57251301
57260801
57270001
57279200
57293001
57302800
57312001
57321301
57330901
57340300
57349601
57379500
57405201
57414501
57423800
57433000
57442201
57451401
57460601
57470300
57479801
57489601
57499001
57508300
57517601
57528801
57557901
57567701
57577400
57604401
57613601
57623000
57632201
57641501
57650901
57660101
57669300
57678601
57687901
57697201
57706500
57715800
57725001
57734201
57743501
57753100
57762201
57771501
57780801
57790101
57799400
57808801
57818001
57827301
57836600
57845600
57854901
57864201
57873601
57883300
57892701
57902201
57911501
57920700
57930100
57939301
57948601
57957801
57967200
57976601
57985901
57995001
58004400
58013600
58022801
58032201
58041401
58050800
58060100
58069401
58078701
58088101
58097300
58106801
58116001
58127400
58136901
58146201
58155601
58164900
58174200
58183601
58192801
58202101
58211400
58220701
58230001
58239401
60400201
60439001
60462801
60485001
60506801
60562901
60607901
60649600
60674901
60698801
60751901
60775701
60797301
60821501
60860501
60883001
60905901
60932200
60980200
61004501
61030801
61054600
61090901
61152401
61200100
61227201
61245501
61273501
61291101
61306900
61336201
61351901
61386201
61402001
61430700
61445700
61461200
61476800
61493301
61508701
61528301
61560000
61576300
61588201
61598600
61623501
61637500
61650301
61659900
61670001
61681300
61691401
61701601
61715701
61725801
61736300
61746501
61756701
61768401
61777701
61786901
61796700
61805901
61815301
61825601
61854401
61864201
61873900
61896600
61905801
61915001
61924101
61933401
61944301
61954301
61963601
61992201
62001601
62011500
62035201
62045201
62054701
62064100
62073801
62083101
62092501
62101900
62111300
62120801
62130101
62139301
62148700
62158501
62168601
62178001
62187700
62197001
62207101
62216500
62226200
62235601
62245001
62254401
62264100
62295000
62305001
62314801
62324600
62351201
62360801
62370600
62380101
62389801
62399800
62410401
62420501
62430700
62440300
62450801
62460901
62470600
62480901
62490801
62500600
62511001
62545100
62556901
62567401
62577300
62589101
62600000
62619901
62636800
62668700
62681201
62694201
62708401
62723501
62736300
62772501
62806900
62819901
62841101
62866101
62882800
62897100
62912100
62929200
62945101
62977801
62996800
63010201
63021200
63033301
63044501
63058200
63072700
63086601
63104000
63114501
63124701
63135300
63146101
63156900
63167201
63178401
63192901
63204901
63216401
63229001
63244001
63257300
63270301
63281401
63293801
63305001
63316101
63327201
63339501
63398001
63424900
63454701
63488701
63506501
63524500
63536201
63561001
63586500
63643101
63680501
63709701
63732201
63759301
63785400
63803001
63821401
63838900
63854801
63867900
63897201
63908101
63918701
63930300
63941601
63953200
63965101
63976800
63987801
63998000
64008101
64018601
64028300
64038001
64047701
64057501
64067200
64077001
64087701
64098300
64109101
64119301
64130101
64140201
64150900
64161301
64192001
64203201
64214201
64224701
64235100
64245301
64258000
64269801
64320400
64333401
64344301
64358600
64370901
64383801
64396300
64423801
64434000
64443501
64454001
64466801
64498001
64511200
64534800
64563101
64592801
64604501
64619301
64639600
64673501
64694900
64708101
64718401
64745601
64776301
64786400
64796301
64806601
64816800
64826801
64836701
64846900
64857501
64867201
64877600
64888201
64898001
64907900
64918101
64928601
64938300
64948801
64959401
64969400
64980001
64990501
65012901
65024801
65035601
65046600
65057701
65068800
65080101
65091300
65103701
65115600
65127001
65137500
65147601
65174201
65184600
65194601
65205300
65214900
65225401
65236300
65249301
65262501
65273401
65284901
65313800
65330701
65341501
65352100
65363801
65402001
65430901
65443400
65456001
65487601
65502001
65522201
65535700
65547601
65560001
65571101
65583201
65617401
65631001
65656101
65688800
65712000
65726600
65740500
65757400
65776501
65791201
65804901
65818100
65831101
65844401
65856100
65871900
65885700
65899901
65913401
65926301
65939700
65952501
65966901
65980001
66029501
66042801
66056501
66069200
66081201
66093400
66122101
66139900
66164201
66176100
66189201
66203301
66218301
66229900
66240401
66251601
66262701
66281401
68542801
68566801
68577400
68587101
68597601
68606801
68615900
68624500
68633301
68642601
68654000
68678101
68687201
68695901
68705101
68714500
68724501
68733401
68742201
68751801
68761100
68770401
68779401
68788901
68797601
68806500
68816101
68824901
68833601
68842401
68851401
68860400
68869401
68879101
68888201
68897401
68906100
68917601
68926601
68935501
68944600
68953501
68963101
68972701
68982400
68991000
68999701
69008701
69017401
69026201
69035300
69044700
69053601
69062601
69071301
69079901
69088501
69097300
69106201
69114901
69123301
69131801
69140401
69149001
69158600
69167601
69176601
69185401
69194601
69203500
69212700
69221701
69230601
69239201
69247801
69256201
69264800
69273500
69282001
69290601
69299301
69308101
69317301
69327400
69337901
69347701
69356900
69365600
69374401
69384601
69394800
69405301
69417400
69427901
69438201
69447101
69456500
69466501
69476001
69485401
69505901
69529501
69561101
69593700
69605301
69616200
69626601
69652601
69662200
69671600
69680701
69690101
69699801
69709400
69719001
69729301
69740000
69749501
69759401
69769800
69779801
69789401
69799700
69810001
69824400
69837701
69848901
69862300
69875701
69887501
69899900
69912201
69925201
69939000
69950001
69963101
69974201
69986801
69999900
70011301
70024401
70035701
70048301
70061000
70073101
70086501
70099100
70110801
70123901
70152100
70165301
70178001
70189900
70212101
70232801
70253101
70268201
70279601
70291801
70302401
70314301
70326801
70337901
70352901
70365300
70376501
70389200
70399901
70411700
70423501
70435800
70450500
70461101
70473200
70485901
70499301
70540901
70569101
70595700
70621801
70642300
70668901
70683101
70694900
70739900
70781301
70801500
70838601
70893300
70952601
70990701
71026001
71045001
71063201
71087401
71104501
71115600
71127801
71138200
71150401
71162300
71175800
71203401
71216801
71227501
71243501
71254200
71267600
71279401
71290001
71323601
71343101
71365701
71379401
71390500
71422401
71432801
71444800
71456601
71466900
71478801
71514301
71525701
71538101
71566900
71578801
71592901
71603501
71617201
71627900
71642100
71654001
71664501
71676401
71686901
71698701
71751000
71761701
71773700
71785401
71795700
71807401
71817001
71829201
71841100
71851601
71863301
71874901
71885501
71897101
71907501
71919301
71931101
71941400
71953201
71963500
71975401
71987200
71997601
72009300
72020501
72033600
72045801
72056400
72068201
72080101
72090401
72102300
72112601
72124400
72138201
72149001
72160701
72171100
72182701
72194501
72205101
72216800
72227001
72238700
72250601
72261100
72272201
72283901
72294301
72306201
72316600
72328601
72340201
72350701
72362400
72372801
72386601
72398700
72409201
72420901
72432701
72443201
72455001
72465501
72477300
72490700
72501501
72513300
72523701
72535601
72547501
72558101
72570101
72580501
72592201
72604001
72614500
72626501
72638301
72648701
72660400
72670901
72682800
72694801
72705200
72716001
72727800
72738301
72750201
72760701
72772601
72784701
72795501
72807601
72818001
72830501
72842100
72854601
72868601
72879201
72890901
72902601
72912900
72924501
72936301
72946801
72958600
72969001
72980700
72992301
73002700
73014501
73024701
73036301
73048101
73058701
73070501
73080900
73092601
73104201
73114601
73126200
73141000
73151501
73163200
73172600
73184501
73197901
73208401
73220601
73234901
73245401
73257301
73267801
73279600
73291901
73302500
73315601
73326201
73339800
73351901
73363900
73377100
73387501
73399301
73411401
73421801
73433501
73445401
73455901
73467601
73477900
73492600
73505801
73516400
73528201
73538600
73550301
73562100
73572501
73584300
73594601
73606301
73618401
73628901
73640101
73651901
73662301
73674201
73684600
73696501
73708201
73718701
73730600
73741101
73753000
73764701
73775100
73786801
73798500
73808901
73820700
73831101
73842901
73854601
73865301
73877001
73887301
73899000
73910701
73921100
73933101
73945601
73958100
73970701
73981800
73995201
74043500
74054101
74066000
74076401
74089000
74101201
74111900
74123001
74135200
74145601
74157600
74168201
74181500
74193601
74204500
74216601
74227500
74239501
74253301
74264200
74277901
74288600
74300201
74312601
74323401
74335401
74347301
74357800
74389001
74401700
74414001
74426300
74437201
74449601
74476601
74512801
74543101
74571100
74612801
74658301
74686300
74702501
74730200
74742201
74789701
74804901
74818001
74845700
74857701
74869600
74880001
74891700
74903501
74913800
74925401
74936101
74948001
74959800
74970201
74982800
74993201
75004901
75016901
75027401
75039001
75049401
75061301
75073201
75083500
75095201
75106900
75119001
75130701
75140901
75154301
75167300
75177901
75190000
75200401
75212500
75224201
75234601
75246301
75258300
75270101
75282000
75292601
75303600
75315401
75327500
75339501
75349900
75361701
75374801
75386701
75398301
75408801
75420601
75432401
75444301
75458100
75471301
75483501
75495300
75532501
75545001
75557300
75584201
75596100
75608001
75619601
75631301
75641600
75653701
75674001
75686400
75700101
75710600
75722401
75734301
75744701
75758001
75768301
75781601
75793600
75804001
75814901
75826701
75837201
75849101
75859501
75873101
75884800
75895101
75906901
75917301
75929001
75940801
75951301
75963100
75973501
75985500
75997201
76007600
76019301
76032401
76042901
76055001
76066701
76078601
76090101
76100600
76115700
76126201
76139601
76151201
76161700
76173501
76183800
76195501
76207300
76217701
76229500
76241301
76251900
76263701
76273101
76285001
76296801
76307601
76319401
76331501
76341801
76353401
76365201
76377301
76389100
76399501
76413800
76426001
76437801
76449501
76461901
76475701
76486201
76501601
76513601
76526001
76537801
76549700
76560301
76571801
76582200
76595600
76607701
76619600
76633101
76643501
76655501
76667401
76678001
76691401
76702001
76713901
76725900
76736301
76747601
76759601
76770001
76782101
76794200
76806001
76817700
76828301
76843301
76853901
76865901
76877701
76888601
76909700
76935901
76954101
76967801
76989201
77010801
77030401
77051301
77070600
77081101
77093600
77105501
77116000
77128001
77138400
77150701
77162700
77175101
77187001
77199001
77209401
77221101
77231500
77243501
77255401
77265801
77276500
77288401
77299000
77311101
77321401
77333401
77345200
77355501
77367500
77377901
77389601
77401401
77411701
77423501
77433901
77445600
77457501
77467900
77481201
77493101
77503601
77515601
77526101
77538401
77550101
77560500
77572101
77582600
77595701
77608601
77619001
77630601
77641101
77652801
77664501
77674800
77686601
77698200
77708401
77720100
77729401
77742800
77754701
77765000
77776701
77788300
77798601
77810401
77822301
77834200
77847301
77857800
77871101
77881500
77893301
77906401
77917101
77928901
77939301
77950901
77964600
77975101
77988400
78001601
78012201
78024001
78034400
78046601
78058901
78071000
78084701
78096501
78108501
78120101
78130401
78142101
78152501
78164500
78176401
78186800
80380600
80397601
80408101
80417301
80425800
80434400
80442801
80451101
80459501
80470101
80498401
80507001
80517900
80526600
80535201
80543701
80571700
80580601
80589601
80598301
80623501
80632100
80640800
80649501
80658101
80685900
80695701
80718401
80746101
80771100
80779601
80788201
80796801
80805501
80814001
80822601
80831100
80852901
80861200
80869600
80877900
80886101
80894401
80902901
80911501
80920301
80928501
80936801
80945100
80953400
80980701
80989501
80998700
81007500
81029300
81037800
81046300
81054601
81063301
81071901
81080201
81088601
81097401
81105900
81114300
81122800
81151101
81159700
81168100
81176701
81198600
81207000
81215201
81223501
81231801
81240201
81248501
81256901
81265101
81273401
81281700
81290000
81298300
81306701
81315201
81323601
81332001
81340401
81348601
81356901
81365201
81373500
81381800
81390200
81398501
81406801
81415101
81423401
81431701
81440101
81448301
81456701
81466600
81511300
81520701
81545601
81567601
81576001
81584301
81592601
81601001
81609401
81617601
81626000
81634500
81642800
81651201
81659601
81667901
81676101
81684401
81692601
81700801
81709101
81717400
81725800
81734100
81742401
81750701
81759001
81767301
81775701
81783901
81792201
81800601
81809000
81817500
81825700
81833900
81842201
81850501
81858801
81867101
81875401
81883801
81892001
81900700
81909000
81917300
81925500
81933701
81942001
81950301
81958601
81966901
81975201
81983501
81991801
82000100
82008400
82016700
82025000
82033301
82041601
82049901
82058201
82066701
82075001
82083101
82091401
82099700
82107900
82116200
82124501
82132801
82141201
82149501
82157901
82166301
82174801
82183201
82191400
82203501
82211901
82220301
82229001
82237300
82245600
82254000
82262301
82270601
82278901
82287301
82295501
82303901
82312101
82320701
82329100
82337400
82345600
82353901
82362101
82370401
82378701
82387201
82395501
82403801
82412201
82420500
82428900
82437300
82445901
82454201
82464201
82491701
82500401
82522301
82530701
82558100
82566700
82575400
82584001
82592401
82601001
82609601
82618501
82627300
82636200
82644801
82653401
82661901
82670401
82678801
82687301
82695900
82704500
82713201
82721601
82730301
82738901
82747501
82756001
82764500
82773200
82781800
82790301
82798801
82807401
82816101
82824601
82833200
82841700
82850200
82858701
82867401
82875901
82884401
82893101
82901701
82910300
82919100
82927701
82936301
82944701
82953401
82962401
82971000
82979700
82988301
82996801
83005301
83013801
83022301
83030801
83039401
83048000
83056500
83065201
83073801
83082401
83091001
83099401
83121201
83129401
83137801
83146401
83154700
83163000
83171400
83179701
83188101
83196301
83204601
83212801
83221301
83229801
83238101
83246700
83255000
83263200
83271601
83279901
83288201
83296501
83304801
83315300
83325301
83338000
83349301
83359401
83370701
83380701
83393501
83404801
83414900
83426401
83436401
83447701
83460500
83470601
83482101
83493401
83503301
83514500
83524501
83536201
83547401
83557301
83569901
83579901
83591600
83603001
83613000
83624301
83634501
83646101
83657301
83667200
83678401
83689900
83701501
83712600
83722501
83733701
83743700
83755401
83766700
83776601
83788001
83799101
83809001
83820300
83830301
83842900
83854101
83864201
83875401
83885201
83896500
83907701
83917801
83929201
83939001
83953001
83964301
83974100
83985501
83998201
84008001
84019500
84029401
84042700
84054401
84064300
84077201
84087200
84098401
84109700
84119600
84131301
84141200
84153901
84165100
84175001
84185601
84196801
84208201
84219501
84229501
84242601
84253701
84263600
84275001
84284901
84296101
84307301
84317300
84328301
84338201
84349301
84360401
84370400
84383201
84393300
84404801
84417500
84427401
84440100
84449901
84482101
84527201
84552301
84581101
84606401
84629201
84659201
84684100
84709001
84733901
84757101
84782500
84806300
84832701
84848201
84859800
84874700
84886901
84897800
84910101
84920800
84932801
84945100
84955701
84967800
84978501
85007001
85018701
85028900
85040601
85064101
85075401
85086701
85096700
85108101
85118101
85129501
85140901
85151300
85162501
85172500
85183901
85195200
85205301
85216701
85228101
85238101
85249500
85259501
85270801
85282001
85292001
85303600
85313601
85325101
85335601
85345601
85357000
85366901
85379600
85391001
85402700
85415801
85427101
85437001
85448300
85479900
85511201
85523701
85536701
85549201
85561701
85574001
85586200
85596701
85624700
85634801
85646300
85657901
85678400
86271801
86286201
86300801
86314401
86324901
86336601
86348401
86359901
86373400
86384001
86395800
86407501
86417901
86429801
86440101
86454701
86487100
86497801
86509801
86522601
86536201
86548400
86559001
86571400
86600001
86610700
86641400
86652001
86664100
86676301
86686900
86714901
86725100
86756200
86768101
86780501
86793100
86803701
86816100
86828501
86839200
86852701
86863400
86876101
86888001
86898701
86910701
86921201
86949601
86961400
86971401
86983001
86997101
87007700
87018301
87028601
87041701
87053200
87063301
87074801
87086501
87098001
87111401
87121600
87134601
87146200
87156501
87169300
87179601
87192901
87204701
87214900
87226801
87237000
87248501
87260000
87270001
87283200
87293401
87304901
87316601
87328200
87341001
87351100
87362701
87375900
87386001
87397700
87409301
87423701
87435200
87447501
87483100
87497100
87508101
87522701
87534400
87546501
87560601