532501
629301
701601
757000
805201
863001
909201
953601
999201
1048500
1100301
1146101
1192700
1236201
1277600
1319901
1372001
1421101
1470101
1511701
1550901
1588701
1627101
1666001
1705200
1748801
1787301
2345101
2433501
2480701
2526201
2570400
2614400
2661100
2699800
2735601
2792501
2844500
2942801
2996301
3033201
3069001
3107601
3145101
3180600
3216101
3251501
3295800
3332701
3370301
3406401
3446601
3483001
3519001
3554900
3590401
3626301
3662600
3699301
3736401
3774301
3812301
3850101
3887601
3938400
3986601
4028101
4068500
4113200
4207201
4257001
4397400
4587900
4663800
5587001
5686901
5728301
6655701
6702401
6769701
6805701
6842400
6900701
6940501
7013201
7081201
7156900
7222601
7257501
7311301
7382601
7430800
7462200
7518201
7596401
7644300
7675300
7706500
7737300
7768300
7799301
7830101
7864101
7895701
7926901
7957800
7989300
8020100
8050800
8123401
8157900
8231901
8318400
8370301
8439900
8508600
8883700
8922300
8955801
8989201
9035500
9080401
9129000
9160401
9191801
9223501
9254801
9419901
9472200
9502200
9531101
9559601
9588000
9616500
9672100
9805901
9832901
9857101
10873801
10904201
11237600
11268800
11293901
11317301
11340301
11363101
11385801
11408101
11430801
11457101
11480201
11503801
11526601
11549401
11572001
11594601
11617301
11640001
11662501
11685101
11707701
11730101
11756101
11778901
11801801
11824401
11847101
11869701
11892501
11916301
11939101
12123401
12157601
12175901
12193600
12211301
12229101
12246300
12263701
12281101
12298501
12315900
12334001
12351301
12368700
12386101
12403101
12420301
12437500
12454801
12471901
12489401
12506900
12524201
12541601
12558701
12576300
12593501
12610901
12627901
12645801
12663701
12680901
12697900
12715301
12732501
12749701
12767200
12784801
12802401
12819800
12837101
12855101
12872301
12889500
12906701
12924001
12941201
12958500
12975701
12993201
13010401
13027500
13044801
13082901
13114101
13131501
13148700
13165701
13182701
13199601
13978801
14016101
14038401
14087901
14108001
14126800
14174000
14236301
14294101
14326900
14345301
14363600
14381601
14419000
14437301
14469101
14506301
14525100
14573001
14605601
14623600
14641601
14659201
14677000
14694801
14715800
14733901
14751801
14769200
14791800
14810201
14828101
14845800
14864401
14882101
14899900
14917301
14934901
14952700
14970401
14988001
15005800
15023501
15041101
15062101
15083400
15104701
15122500
15140301
15158101
15176101
15194201
15212200
15229901
15247701
15265401
15283201
15301001
15318701
15336500
15354301
15372001
15389800
15407701
15425301
15443000
15460801
15480800
15498501
15516301
15534200
15552001
15569801
15587500
15605301
15623101
15640800
15658601
15676401
15693800
15711501
15729501
15747700
15765401
15783201
15800700
15818701
15836401
15854001
15871801
15889601
15907101
15927401
15945301
15963200
15980901
15998601
16016400
16034101
16060600
16105701
16141001
16158501
16175900
16193501
16211101
16228601
16246801
16264501
16282300
16300001
16317501
16335101
16353601
16371101
16388701
16406500
16423901
16441801
16459500
16477101
16494801
16512400
16531001
16549201
16567000
16584601
16602201
16619800
16637401
16655001
16672600
16690401
16708101
16725700
16743901
16761401
16779100
16796600
16814101
16831801
16849600
16867001
16884401
16902000
16920001
16937301
16954900
16972701
16990301
17007801
17025500
17047600
17065801
17111001
17314500
17604101
17627201
17647301
17734601
17754401
17772301
17789900
17807001
17824201
17841501
17858500
17875501
17892401
17909401
17926900
17943801
17960801
17977601
17994600
18011700
18262100
18283701
18301300
18318001
18334601
18351001
18367501
18387401
18404401
18421001
18437501
18453800
18470400
18580501
18600200
18617201
18633801
18650401
18666901
18683200
18699400
18715601
18731801
18748101
18764301
18780501
18796601
18812800
18828800
18844900
18861301
18877501
20502800
20560601
20625600
20665401
20701500
20749601
20774101
20807101
22878001
22982001
23064500
23125300
23173701
23223101
23304601
23386501
23426201
23461700
23509901
23565201
23617101
23649701
23681701
23714200
23759300
23791100
23822201
23861101
23906501
23972001
24019200
24069801
24115301
24177801
24249000
24311501
24361301
24404101
24445301
24496801
24546800
24602701
24651401
24711401
24757701
24801601
27195701
27255401
27323101
27392901
27429300
27469901
27504500
27533601
27581800
27643900
27726000
27769201
27800001
27843801
27900601
27941800
27978200
27998901
28016101
28097801
28197301
28242301
28285000
28326601
28368900
28401601
28429800
28468600
28500401
28533401
28572401
28608001
28640001
28676601
28731401
28766900
28799901
28852801
28899401
28938201
28979101
29056500
29090601
29124501
29159301
29191901
29227701
29273201
29351001
29389501
29429401
29462600
29496401
29528101
29562400
29591800
29624601
29657001
29687401
29720601
29751600
29787501
29842501
29887001
29931601
30074600
30130401
30178501
30244101
30271900
30300501
30333100
30361901
30412701
30446101
30495901
30544401
30582901
30614501
30644401
30682701
30714201
30752701
30788201
30825901
30860000
30902601
30966201
30998600
31061001
31103901
31154601
31207801
31250400
31303001
31361401
31427700
31476701
31532900
31577101
31627101
31656200
31700601
31729201
31756901
31809900
31842901
31874401
31909000
31945800
32059101
32132601
32173201
32241501
32272401
32301201
32335800
32370301
32398801
32426401
32454401
32483801
32529401
32597801
32625501
32653801
32682301
32727100
32777701
32824501
32852801
32881601
32912301
32941501
32970100
33001300
33042401
33071501
33101700
33132701
33161000
33207700
33237101
33266501
33294901
33323200
33353300
33383800
33413700
33443700
33474300
33502501
33530801
33560500
33591200
33618601
33646201
33674100
33701401
33728400
33778001
33820500
33851601
33892001
33971900
34132000
34181401
34254400
34309700
34375901
34422200
34481701
34523500
34589201
34639201
34745801
34790900
34837701
34870301
34894301
34930401
34949501
34968201
34987101
35007601
35026100
35043000
35061201
35080200
35099001
35117701
35137001
35155501
35174301
35191501
35210400
35228701
35246601
35264700
35282901
35301400
35319701
35338101
35354701
35374601
35393200
35411401
35428701
35447400
35465401
35484201
35503101
35520301
35538700
35557101
35575001
35593900
35612401
35630500
35648601
35665401
35683800
35701601
35719601
35737900
35756201
35775300
35793501
35830000
35857001
35914800
35940701
35977001
35997900
36168001
36236100
36277301
36312300
36346701
36379500
36432900
36482501
36528101
36571800
36618901
36665001
36698301
36738500
36802801
36925001
36989501
37033201
37072501
37110901
37146001
37185701
37224601
37278901
37314301
37387101
37435100
37483301
37526200
37571001
37612601
37658701
37709300
37764800
37811001
37863000
37917700
37964301
38021101
38068700
38132601
38174001
38218901
38261000
38298900
38372001
38480301
38857900
38903900
38953801
38998401
39038101
39074201
39113601
39153301
39191601
39238700
39281301
39302801
39333001
41824601
41888501
41933001
41952100
41967900
42006700
42023701
42041301
42058001
42092001
42126201
42164301
42193301
42220300
42246901
42272401
42339501
42367901
42394401
42419000
42460901
42485001
42507101
42572800
42809400
42832900
42850401
42866501
42881001
42897001
42912401
42927501
42942601
42958401
42972301
42989501
43005001
43020601
43036301
43052700
43067001
43083101
43099700
43115400
43132401
43149501
43163501
43179201
43195501
43215801
43552001
43571301
43588500
43603001
43619200
43635400
43651401
43667301
43683001
43697301
43712901
43728101
43744101
43759601
43774701
43788600
43823101
43839001
43861801
43913601
43954201
43978800
44016000
44034901
44078200
44114001
44153500
44188201
44234301
44264401
44291200
44344900
44375300
44411301
44427701
44443701
44459200
44474700
44490900
44505400
44521300
44536800
44552200
44567500
44584301
44598400
44614000
44629801
44645301
44789800
44810601
44827100
44842100
44857100
44872300
44887300
44902101
44915101
44929701
44944301
44959101
44975801
44990701
45004200
45018900
45033200
45047701
45061901
45076301
45089701
45104901
45119201
45133800
45148100
45162301
45176501
45189301
45204601
45219301
45234701
45249601
45262800
45277700
45292500
45306901
45321501
45336901
45350301
45365201
45379501
45394101
45408700
45423100
45436101
45450501
45465001
45479401
45493901
45508100
45521001
45535401
45549601
45564301
45578701
45593701
45607300
46638900
46660301
46677200
46693200
46708600
46723700
46738600
46753300
46768200
46783001
46797801
46812401
46827101
46841701
46856501
46871301
46885801
46900501
46915200
46929800
46944500
46959000
46980601
46995401
47010101
47024601
47039401
47083000
47124101
47158400
47187601
47199501
47211300
47242100
47253901
47282000
47313001
47341100
47352801
47364400
47375901
47406601
47434700
47446101
47457800
47469201
47480700
47492101
47522601
47534601
47546401
47574401
47586100
47597601
47628201
47640000
47668601
47680001
47691301
47702701
47714201
47725601
47737401
47748701
47760001
47771300
47782701
47794100
47805401
47817501
47848801
47860801
47872401
47919601
47932101
47950401
48014200
48055401
48076600
48113001
48153300
48190100
48209801
48229400
48249001
48268501
48287901
48307501
48327001
48356801
48376801
48396300
48415701
48435100
48454601
48473900
48493401
48513501
48533001
48552301
48571501
48591101
48616901
48636801
48656400
48676101
48695800
48715401
48734701
48754001
48773501
48793001
48812501
48832000
48851401
48870800
48890001
48909300
48928601
48948000
48968801
48981401
48993600
49005401
49017901
49030201
49042201
49053900
49065601
49077000
49088601
49100100
49112301
49123800
49135301
49146900
49158601
49170000
49181601
49193200
49204701
49216200
49227801
49239201
49250701
49262301
49273801
49285501
49297001
49308601
49320101
49331601
49343001
49354401
49366001
49377501
49388901
49400401
49411801
49423301
49434701
49446101
49457701
49469101
49480501
49492201
49504301
49520700
49534301
49549601
49564301
49579401
49593901
49608901
49623201
49638701
49653601
49668801
49683901
49698801
49711800
49726500
49741400
49756900
49771701
49786401
49800101
49815001
49829601
49845601
49861701
49876901
49890401
49905301
49919901
49934500
49949000
49969401
49983401
49998401
50013201
50027501
50042501
50057301
50070900
50086200
50100700
50115301
50130201
50146800
50160401
50175201
50190701
50205301
50219901
50234801
50248401
50263701
50278801
50293400
50307900
50323000
50336201
50351501
50366701
50381601
50396501
50411501
50424601
50439000
50454000
50469100
50484300
50499000
50512401
50527201
50541201
50556201
50573201
50588601
50601901
50616301
50630901
50645200
50660000
50674500
50687601
50703001
50717901
50732401
50746901
50761701
50774900
50789700
50804100
50818701
50833101
50848101
50861501
50875901
50890501
50905300
50920500
50940001
50962801
50978701
50993901
51009101
51024001
51038801
51051901
51065500
51080500
51095200
51110300
51124701
51139801
51153401
51168601
51183601
51198701
51213401
51227101
51241800
51256700
51271300
51286200
51300900
51314601
51329401
51344101
51359701
51375001
51389901
51403201
51418301
51433801
51449201
51464201
51479301
51492600
51507201
51523200
51539500
51554200
51569600
51583800
51598001
51613601
51628801
51643901
51659101
51673901
51687301
51702201
51717501
51732401
51747101
51762501
51776300
51791400
51806700
51841601
51874001
51909701
51981101
52050300
52167701
52214601
52264600
52293501
52314401
52353201
52403200
52458301
52516600
52535701
52566401
52581501
52597101
52612101
52626701
52642001
52655900
52671400
52705601
52721601
52756301
52833301
52918501
52960400
53016901
53067900
53086801
53103801
53118701
53134301
53156501
53180601
53200601
53221700
53268801
53291101
53311400
53337101
53357700
53378001
53398501
53421601
53447301
53475301
53496400
53516001
53538001
53578201
53629601
53662101
53698001
53718901
53746501
54791501
54877801
54922701
54972601
55025900
55074301
55122201
55181901
55226601
55285400
55330000
55369500
55414700
55453300
55490300
55526201
55562401
55596401
55636100
55672201
55693501
55728900
55764701
55797800
55832801
55869901
55926000
55990601
56021501
56063600
56107201
56146901
56186900
56222801
56257001
56289801
56326601
56360801
56403401
56442601
56475201
56531901
56578701
56642501
56665601
56682301
56699000
56713500
56729200
56753100
56989200
57028000
57063201
57097000
57132701
57167601
57205601
57242100
57277701
57313101
57348700
57385701
57420201
57489101
57520801
57574301
59554101
59583801
59601901
59618700
59635100
59651401
59667601
59683901
59700101
59716401
59732401
59748600
59764900
59781201
59797801
59814001
59830201
59846401
59862600
59878700
59894800
59911001
59933400
59945001
59954900
59964801
59974801
59984701
59994500
60004301
60014301
60025300
60035201
60044901
60054900
60064701
60074501
60084200
60094100
60104001
60113901
60123600
60133501
60143301
60153200
60163101
60172801
60182601
60192500
60202401
60212201
60221900
60231500
60242001
60251901
60261700
60271501
60281301
60291300
60301201
60311001
60320901
60330600
60340401
60350301
60360100
60369801
60379801
60390400
60400201
60410201
60420001
60429800
60439601
60449401
60459200
60469001
60478901
60488801
60498600
60508501
60518201
60528000
60537901
60547601
60557301
60567200
60577101
60587001
60596800
60606501
60616401
60626301
60636700
60646701
60656501
60666400
60676201
60686001
60695800
60705600
60715401
60725001
60734900
60745201
60755101
60765200
60777501
60787500
60797401
60807201
60816901
60826700
60836601
60846301
60856500
60866201
60876001
60885701
60895500
60978201
61033500
61069501
61102500
61118801
61135001
61151301
61167401
61183501
61199701
61215900
61232000
61248200
61264401
61280501
61296501
61312601
61328801
61345001
61360900
61420701
61438000
61454400
61471301
61487501
61503801
61520001
61536101
61552200
61568300
61584500
61600701
61616701
61632901
61649101
61665401
61681501
61697700
61713700
61729900
61746001
61762101
61778201
61794201
61810401
61826601
61842600
61858800
61874900
61890901
61906901
61927500
61938601
61948601
61958600
61968401
61978201
61988700
61998801
62008701
62018700
62028501
62038501
62048301
62058100
62067901
62077901
62087800
62097601
62107501
62117401
62127100
62136701
62146501
62156400
62166501
62176401
62186201
62196100
62206501
62216301
62226100
62236001
62245901
62255900
62271600
62281501
62291501
62301300
62311101
62321401
62331201
62341100
62351001
62361101
62371100
62380801
62390501
62400201
62410100
62419901
62429701
62439600
62449601
62459301
62469101
62478900
62488701
62498501
62508300
62518201
62528001
62537701
62547600
62557501
62567301
62577100
62586801
62596501
62606301
62616200
62625901
62635701
62645500
62655301
62665101
62674901
62684700
62694601
62704401
62715000
62724901
62734801
62744600
62754401
62764501
62776800
62786701
62796501
62806400
62816501
62826201
62836101
62845900
62855701
62865401
62875200
62913600
63002501
63056801
63110301
63163301
63179701
63195700
63211800
63227800
63244201
63260401
63276601
63292801
63308901
63325001
63341200
63357300
63373400
63389701
63405901
63422701
63438901
63455101
63471300
63487600
63503801
63519901
63559601
63592101
63608300
63624500
63640600
63656701
63672901
63689301
63705301
63721501
63737601
63754000
63770000
63786200
63802401
63818601
63834701
63850701
63866801
63882901
63899000
63915200
63931601
63941801
63952001
63961900
63971801
63982001
63991700
64003401
64013201
64029100
64039801
64093701
64103601
64113300
64123301
64133301
64143201
64153100
64162901
64172601
64182400
64192201
64202101
64211801
64242401
64268801
64278801
64288600
64298501
64308801
64318701
64328700
64338401
64348301
64358200
64368101
64378001
64387901
64397800
64407801
64417801
64427800
64437701
64448401
64458600
64468701
64478701
64488700
64498701
64508601
64518500
64528401
64538401
64548800
64558801
64568801
64578601
64588400
64598201
64608101
64618000
64627901
64637901
64647900
64657801
64668001
64677901
64687800
64697701
64707801
64721001
65285601
65308101
65321300
65332501
65343101
65353200
65363301
65373701
65383800
65394401
65404501
65414400
65424201
65434001
65443700
65453601
65463601
65473600
65483401
65493301
65503201
65513000
65522801
65532701
65542500
65552501
65562201
65575601
67178300
67196601
67209300
67220001
67230201
67240100
67249901
67260001
67270000
67279901
67289701
67299601
67309400
67319101
67328801
67338501
67348400
67360101
67370100
67380001
67389801
67399701
67409500
67419301
67429101
67439000
67449001
67458701
67468600
67478300
67488301
67498101
67507800
67517601
67527301
67537400
67547200
67557001
67566901
67576600
67586201
67596001
67605801
67615700
67625601
67635401
67645300
67655301
67665201
67674901
67684800
67694701
67704601
67714900
69610800
69656700
69684801
69712601
69738601
69770000
69820101
69866401
69928501
69977200
70019301
70056701
70099600
70140201
70181701
70211501
70250401
70340901
70376401
70401501
70428300
70454901
70518501
70549900
70590201
70694900
70757900
70809101
70846901
70869501
70891101
70930701
70955100
70980101
71088301
71154200
71182801
71204501
71232001
71257901
71279101
71302201
71323300
71342301
71363201
71381101
71423401
71450301
71472601
71496001
71518701
71539801
71563601
71592301
71622501
71655801
71685301
71716001
71753501
71826900
71853501
71873600
71893601
71924901
71937101
71949100
71962001
71973100
71985701
71996601
72007301
72017500
72028001
72039201
72050601
72061201
72071500
72081801
72092501
72103100
72126701
72171900
72185900
72196501
72206401
72216400
72226201
72235901
72246101
72256801
72266701
72276701
72286600
72296401
72306301
72316200
72326201
72336201
72346000
72355801
72365301
72375301
72404201
72430700
72441501
72451501
72461300
72490001
72500200
72510201
72520201
72530200
72540601
72550801
72561100
72571301
72581601
72591900
72602001
72612201
72622600
72633301
72643900
72653901
72664601
72675300
72686001
72697001
72708001
72734501
72763701
72774300
72784801
72795201
72805300
72815601
72826201
72852501
72881900
72901701
72936100
72988100
72998901
73009201
73020000
73030501
73040801
73051401
73061901
73072500
73083301
73094501
73106001
73148400
73173801
73197401
73220501
73242801
73266901
73291601
73318000
73369401
73445701
73471000
73495201
73519601
73544501
73568301
73620001
73634601
73645201
73655301
73665401
73691500
73701301
73711301
73721201
73731601
73741401
73770301
73780201
73790001
73804301
73826501
73850301
73870801
73903201
73932401
73953301
73987501
74003201
74019101
74034701
74050500
74066300
74082200
74097900
74113600
74149900
74166500
74182500
74219800
74236501
74258700
74319200
74341200
74382801
74406501
74450701
74467201
74501001
74516700
74532600
74549300
74565201
74581001
74596801
74612701
74628601
74644301
74660101
74676101
74692001
74708200
74723900
74739700
74755400
74771301
74787101
74802901
74818801
74854200
74976300
75060800
75091600
75116501
75134001
75166600
75182400
75198600
75214601
75230201
75246101
75262201
75297000
75313600
75346601
75362501
75398000
75414601
75432901
75466700
75483201
75499501
75516201
75532101
75567901
75585001
75620901
75636901
75652801
75668501
75684301
75700301
75716501
75732300
75748000
75764000
75780000
75795601
75812101
75849101
75866201
75917600
75929101
75940100
75951901
75962500
75973301
76000800
76030600
76040701
76067301
76096901
76107700
76118101
76146400
76156401
76166601
76176400
76186301
76196201
76206100
76216301
76226301
76236301
76246500
76257101
76267201
76296701
76307000
76317501
76344500
76374700
76401401
76411701
76422000
76432101
76443500
76454201
76465301
76475200
76485101
76494901
76506100
76515901
76525701
76535300
76545201
76555001
76564801
76574600
76584301
76594701
76604300
76614201
76624001
76633901
76643700
76653401
76663101
76673100
76683001
76692901
76702801
76712600
76722401
76732801
76742800
76752901
76763201
76773400
76783101
76792901
76802800
76812701
76822601
76832301
76842000
76851801
76861601
76871400
76881301
76891101
76900801
76910500
76922201
76932400
76942601
76953401
76963800
76974201
76983901
76993700
77003501
77013301
77023301
77033200
77042701
77052301
77062101
77071600
77081501
77091101
77100800
77110401
77120201
77129901
77139800
77149501
77159201
77168801
77178500
77188301
77198201
77208000
77217901
77227601
77237301
77247100
77256901
77266901
77276600
77286301
77297101
77307700
77317601
77327501
77337301
77347601
77357301
77367501
77377500
77387301
77397301
77407300
77416901
77426501
77436201
77446200
77455901
77465601
77475300
77485101
77494701
77504701
77514500
77524501
77534501
77544100
77553801
77563501
77573301
77583000
77592601
77602601
77612401
77622200
77632001
77641801
77651800
77661701
77672001
77681800
77691601
77701301
77711101
77720800
77730601
77740401
77750201
77760000
77770101
77779801
77789600
77799501
77809301
77819200
77848701
77859400
77906901
77917901
77928601
77939101
77965500
77995600
78022001
78051101
78077401
78106801
78117800
78129701
78157200
78186300
78196301
78222701
78232800
78242801
80029500
80058601
80071401
80082300
80092601
80102501
80112400
80122200
80131901
80141701
80151600
80161201
80170901
80180601
80190300
80200001
80209901
80219600
80229301
80238901
80248701
80258400
80268001
80277701
80287501
80297500
80307201
80317001
80326600
80336401
80346201
80356101
80365800
80375501
80386501
80396300
80406001
80416101
80425800
80435500
80445101
80455001
80464700
80474601
80484301
80494001
80503600
80513401
80523101
80532900
80542500
80552001
80561701
80571400
80581201
80590901
80600701
80610700
80620501
80630201
80639900
80649801
80660201
80670001
80679800
80689501
80699201
80709000
80718501
80728101
80738101
80748400
80758101
80767901
80783001
80793300
80803101
80812801
80822401
80832100
80841901
80851701
80861401
80880501
80891301
80901100
80942001
80970200
80998801
81020201
81038100
81093601
81135801
81161300
81187301
81232001
81267800
81283700
81318901
81359800
81386401
81412200
81437901
81464401
81490100
81518101
81544801
81571801
81599301
81627600
81678001
81734700
81805101
81852401
81915301
81947100
81973201
81983601
81993700
82003801
82029701
82039400
82049201
82078000
82088001
82098401
82121801
82131700
82141501
82151101
82160701
82170400
82180001
82189801
82199500
82209201
82218901
82229701
82239600
82249301
82259001
82268800
82278501
82288201
82312601
82323100
82333301
82344001
82370401
82399300
82409601
82433301
82443601
82453500
82463501
82473401
82483400
82502001
83775800
83792001
83803701
83814000
83824001
83833901
83843900
83853701
83891301
83902901
83913100
83923001
83933301
83943500
83953701
83963701
83973900
83984001
83993901
84004300
84015301
84025501
84036701
84046601
84056601
84066901
84077401
84087600
84097801
84123601
84133600
84143301
84153101
84163001
84176501
84215501
84251601
84269501
84298601
84325200
84335101
84345001
84354701
84364500
84374301
84384501
84394200
84403901
84413701
84423601
84433300
84443001
84452701
84462500
84472301
84482201
84492001
84501800
84512101
84522001
84531600
84541301
84551301
84561001
84570700
84580501
84590201
84600000
84609801
84619601
84629301
84639000
84648901
84658701
84668600
84678401
84688101
84697801
84708000
84717601
84727401
84737101
84746900
84756501
84766201
84775900
84785701
84795301
84805101
84814800
84824301
84834001
84844001
84854401
84894601
84906300
84916801
84973001
84993101
85003301
85217201
85234800
85245401
85254901
85264201
85273400
85282701
85291901
85301101
85310201
85319400
85328701
85337901
85347201
85356301
85365400
85374701
85384101
85393401
85402600
85411600
85420801
85430201
85439501
85448700
85458501
85467901
85477201
85486400
85495600
85504901
85514101
85524001
85533200
85542501
85551701
85560801
85570001
85579200
85588301
85597701
85607001
85616101
85625400
85634601
85643801
85653001
85662300
85671500
85681001
85690301
85699501
85708700
85717800
85727101
85736201
85745501
85754800
85764001
85773401
85782701
85791901
85801100
85810201
85846500
85888901
85904201
85921201
85934101
85960900
85970201
85979801
85989301
86018801
86028501
86038900
86137700
86172501
86199801
86225901
86251700
86277001
86302301
86327600
86353401
86378101
86403301
86433201
86462901
86493601
86521601
86548401
86581701
86610600
86640501
86669501
86703800
86739601
86774301
86800401
86828601
86863200
86903601
86934301
86953401
86979301
87000000
87020501
87039900
87061500
87083301
87106501
87147100
87188101
87209801
87251301
87290500
87337800
87362701
87386601
87414100
87440901
87465101
87490000
87514100
87539801
87564501
87591501
87619600
87649700
87678701
87709601
87743100
87767201
87791601
87821301
87849700
87890401
87928801
87969401
88006801
88030601
88089101
88128901
88155200
88179901
88212701
88231800
88245601
88258901
88273501
88285700
88298301
88311401
88322800
88356601
88407800
88455801
88473001
88484300
88494601
88505201
88515600
88525201
88536500
88548701
88560600
88571101
88582900
88595201
88608101
88620101
88633101
88651500
88662301
88672301
88693401
88722701
88749201
88774700
88798500
88821100
88843400
88872401
88894801
88917801
88941101
88968301
88999501
89016801
89043100
89072200
89102800
89120901
89136501
89152001
89167301
89182801
89198301
89239301
89285401
89308001
89372401
89396401
89418401
89439600
89455600
89477500
89505601
89524000
89539800
89555601
89571401
89586801
89602301
89620201
89639000
89652600
89666101
89700601
89723000
89737900
89755501
89770301
89781801
89795801
89809401
89822300
89833801
89847301
89866301
89878501
89893301
89908101
89945000
89963201
89994301
90007901
90021100
90032401
90045201
90082700
90096400
90108701
90134600
90194401
90219000
90231601
90260501
90294101
90307301
90328901
90356500
90376501
90390701
90418500
90431301
90444001
90456300
90467801
90480801
90516001
90527601
90540900
90560001
90621301
90635401
90678400
90696401
90711001
90723100
90738900
90752701
90788701
90800500
90819301
90836001
90858801
90875800
90890101
90921800
90933801
90947701
90960000
90994001
91005900
91019501
91033101
91065401
91106400
91127401
91141101
91154101
91165501
91195301
91228900
91258200
91289500
91318501
91350600
91363301
91375101
91387601
91401001
91414001
91426300
91440401
91456800
91475301
91495400
91515901
91533600
91551801
91573300
91591401
91611100
91629501
91647700
91666201
91686500
91704801
91718200
91732000
91745101
91756500
91769900
91782401
91796201
91808001
91821301
91834501
91870300
91919101
91948701
91981901
92012001
92032701
92060400
92098601
92153900
92199500
92215400
92228700
92240101
92255401
92271401
92286201
92304401
92343600
92379801
92393101
92404600
92417101
92430001
92443000
92454001
92466300
92479301
92490801
92503601
92537001
92550700
92562701
92594101
92606901
92620000
92630901
92643801
92656700
92673800
92686301
92700501
92714701
92730701
92747601
92763401
92780600
92796801
92809001
92823901
92840500
92887900
92900301
92916301
92936701
92957801
93026601
93077001
93143801
93166701
93191401
93229101
93252001
93275401
93320601
93341601
93373601
93386501
93400901
93415100
93429500
93448101
93462601
93477801
93515201
93538401
93553601
93570601
93586501
93599601
93614100
93630101
93645901
93659900
93674800
93691601
93706801
93722601
93736901
93750900
93769301
93785201
93799701
93814301
93829301
93855801
93874300
93889100
93923501
93964300
94001601
94038601
94132400
94214501
94230601
94262000
94296701
94314301
94331800
94350801
94362900
94394701
94409400
94422301
94439400
94454100
94469000
94483900
94498601
94514300
94528301
94540701
94554801
94568400
94582301
94594901
94608501
94646300
94690500
94756401
94796501
94810501
94824201
94841301
94885001
94900401
94913700
94948601
94962101
94975401
94986901
94999601
95013100
95025501
95040501
95065400
95081800
95095101
95107001
95120701
95134600
95148101
95160501
95173800
95188500
95202800
95216201
95229801
95243301
95257300
95269001
95282501
95296501
95308701
95323201
95337901
95352601
95365701
95380300
95394700
95408700
95420701
95434201
95449000
95463300
95476301
95490401
95505201
95520201
95533201
95547000
95562500
95578000
95591401
95607500
95635401
95658201
95671301
95690201
95706101
95720701
95733301
95748201
95763201
95777200
95794501
95808200
95826301
95852300
96020200
96046201
96060901
96073900
96088501
96124001
96138101
96151400
96165900
96180301
96193801
96208401
96232301
96246801
96264701
96296700
96327100
96343200
96356700
96370301
96387500
96404100
96416901
96431301
96446301
96482101
96502600
96558001
96573101
96588901
96601300
96615701
96629301
96643201
96658501
96675401
96729501
96745201
96759501
96776001
96810301
96826101
96846600
96861100
96874901
96887401
96906001
96921301
96934701
96948501
96984700
97002101
97016401
97028601
97065601
97083700
97138801
97155101
97171801
97187501
97219201
97234301
97249201
97267400
97283400
97296401
97330401
97344400
97358700
97374300
97388301
97401801
97430901
97445601
97459901
97489900
97501501
97515501
97528701
97541900
97554001
97567901
97582701
97598701
97612200
97626700
97643901
97659001
97672100
97686301
97718400
97732101
97760501
97795300
97813301
97850201
97903101
97947300
98002300
98066301
98130400
98195301
98265601
98313500
98339001
98354501
98386601
98401301
98416101
98447501
98462701
98493601
98506800
98520800
98535500
98547801
98560701
98573600
98587401
98599401
98613300
98626401
98640201
98653101
98667401
98682000
98694001
98707801
98723601
98738901
98752901
98765000
98778801
98792501
98804200
98817901
98838501
98852401
98863601
98877101
98890401
98902900
98914001
98926600
98941100
98954201
98965501
98978201
98993900
99006501
99017300
99030001
99043801
99055000
99068201
99081101
99094900
99105901
99118300
99130901
99143501
99154600
99168001
99181301
99193500
99204701
99219101
99232000
99244801
99256501
99271200
99285800
99300700
99312101
99325201
99339100
99353700
99365301
99378301
99392400
99404401
99419601
99433401
99448901
99461100
99474501
99488701
99504101
99516601
99529900
99543201
99558201
99571801
99585901
99600701
99615200
99628700
99643201
99657201
99674200
99687701
99701901
99718401
99733601
99746501
99761901
99777901
99791701
99803601
99817501
99865600
99882901
99897200
99910901
99924601
99937001
99950900
99965400
99978301
99991201
100004600
100017201
100030301
100041800
100054701
100068601
100083501
100095200
100107801
100121001
100132601
100145401
100159301
100173401
100184601
100196701
100209400
100235301
100257501
100271800
100284601
100318801
100333800
100351001
100365501
100385800
100421901
100452401
100465601
100478900
100491001
100537901
100568700
100619501
100650501
100687101
100738900
100767800
100800301
100823101
100838901
100849801
100884200
100898100
100914500
100940501
100956301
100985701
100997900
101008901
101023201
101036400
101071301
101152301
101197400
103658500
103712100
103736401
103759201
103782601
103830601
103855800
103906601
103930901
103954601
103981501
104011601
104039700
104068501
104099901
104136501
104165101
104195301
104223000
104250401
104280301
104330700
104365301
104409601
104430500
104482700
104507701
104539401
104572501
104591400
104609201
104626501
104646301
104670501
104704600
104728800
104756701
104772201
104787901
104805700
104825101
104836801
104847401
104858400
104869401
104880200
104891101
104901301
104912200
104922601
104935000
104947501
104957900
104970401
104989301
105003900
105016301
105029601
105042500
105054901
105068101
105080500
105092301
105104301
105120801
105137001
105170201
105184101
105213301
105224500
105239200
105271000
105300800
105313301
105333601
105372401
105405101
105442701
105469200
105511401
105556101
105580701
105602501
105627601
105662901
105695101
105704401
105714000
105723501
105733001
105742601
105752400
105762201
105792901
105823501
105845200
105882700
105923601
105973900
105997400
106034101
106074901
106130401
106148001
106163301
106196400
106211800
106253401
106307901
106339201
106354001
106368701
106382901
106397501
106412101
106426300
106440800
106469501
106484501
106499401
106514701
106543801
106558701
106573301
106588301
106602901
106617400
106632300
106667901
106684100
106699800
106715400
106731200
106747200
106763801
106781301
106797101
106816000
106827101
106837000
106847101
106875100
106885701
106897701
106908001
106917701
106927401
106958801
106969701
106979801
106989501
107000001
107010401
107038101
107068701
107078701
107088801
107100201
107110301
107120300
107130601
107140501
107150900
107160901
107188600
107198200
107229801
107241201
107254201
107269001
107280201
107290701
107339701
107350000
107378701
107388300
107397301
107407001
107416501
107427100
107437601
107447301
107457300
107466901
107476301
107485601
107495000
107504601
107514001
107546401
107592801
107607901
107617600
107626701
107638601
107649100
107658201
107667101
107676301
107685301
107694400
107703401
107712501
107721701
107730601
107739500
107748500
107757501
107766501
107775501
107784501
107793400
107802501
107811301
107820301
107829201
107841101
107851401
107860501
107869300
107878700
107888101
107897201
107906301
107915500
107924701
107934001
107943501
107979901
108003101
108012501
108021501
108030400
108039601
108048801
108058001
108066801
108075700
108085000
108095001
108104001
108113101
108122300
108131501
108140901
108150201
108159400
108168400
108177401
108186601
108195701
108205101
108214600
108225501
108235501
108244700
108253701
108262901
108272301
108282200
108291801
108301101
108310601
108319900
108329000
108338201
108347301
108356401
108365701
108375000
108384401
108393501
108402701
108412000
108421200
108430501
108440001
108449701
108459100
108468201
108477601
108486601
108495700
108505000
108514101
108523201
108532201
108541301
108550300
108559401
108568501
108577801
108586901
108595900
108604900
108614201
108623201
108632201
108641200
108650300
108659501
108668401
108677501
108686501
108695500
108704601
108713601
108722701
108731801
108740900
108749900
108759001
108768301
108777301
108786500
108795600
108804601
108813601
108823001
108834000
108843201
108852201
108861601
108871000
108880201
108889601
108898901
108908401
108930001
108949601
108963800
108975601
108988601
109002200
109015500
109027101
109039700
109051801
109064201
109075501
109088201
109100600
109111401
109124000
109136101
109148501
109159201
109171101
109183101
109195701
109206501
109218301
109230700
109242801
109253500
109265501
109278001
109288601
109301101
109313800
109325901
109336900
109349301
109361901
109373101
109384200
109396401
109408801
109421300
109432501
109444800
109457201
109469601
109480801
109493601
109506000
109518701
109529800
109542501
109554601
109565501
109577801
109589900
109602201
109612800
109625201
109638001
109650500
109661301
109673500
109685901
109698201
109709001
109721101
109733401
109744201
109756901
109770601
109785401
109796200
109808901
109820701
109834500
109845501
109857900
109870301
109910400
109936201
109949600
109962501
109976001
109987200
109999601
110012001
110024401
110035701
110048200
110060801
110071500
110084001
110097201
110109800
110120701
110133200
110146001
110158601
110169701
110181901
110194400
110206801
110217400
110229401
110241901
110254000
110266801
110279401
110291501
110302201
110313201
110326901
110338800
110349701
110362100
110375001
110386901
110397601
110409501
110422200
110434801
110445900
110458101
110470801
110484000
110494801
110506800
110519001
110529800
110542401
110554401
110566201
110576900
110589301
110603301
110615601
110627001
110639101
110651201
110663001
110674201
110686801
110699500
110710401
110722701
110734701
110747101
110756901
110769101
110781201
110793601
110804300
110817101
110831301
110844000
110855301
110868001
110881100
110892901
110903601
110916001
110928500
110941001
110952101
110964501
110977301
110987800
110999901
111012000
111024101
111034700
111047401
111059501
111071301
111082601
111094601
111106701
111118500
111129501
111141800
111154501
111165400
111177801
111190301
111202500
111213201
111225600
111237901
111250701
111263000
111275501
111288301
111300901
111312201
111324800
111337901
111350501
111361401
111374401
111387500
111398401
111410701
111423001
111434701
111446001
111458601
111470600
111483201
111494200
111506501
111518401
111530800
111542901
111555000
111568301
111583201
111594001
111606201
111618301
111629001
111642101
111653500
111666401
111677400
111689401
111701301
111713401
111724401
111736900
111750901
111763501
111774601
111786901
111799400
111811401
111822200
111836001
111848701
111859300
111872301
111884400
111897201
111908201
111920600
111933401
111946301
111957701
111971801
111984601
111996601
112007701
112020100
112032301
112042900
112056401
112068901
112081400
112092501
112103701
112116101
112128300
112139101
112151800
112164301
112176501
112187601
112201401
112213601
112225701
112236701
112249300
112262201
112274301
112286601
112299401
112311600
112322201
112335701
112347901
112360401
112372700
112386301
112398501
112411000
112422201
112434500
112446901
112459001
112469701
112483101
112495900
112506901
112520701
112533400
112544601
112555200
112569301
112582101
112594500
112605401
112617900
112630201
112642801
112653801
112666401
112679501
112693500
112704701
112717300
112729201
112742101
112753401
112766301
112778700
112789801
112802301
112816200
112829501
112840401
112852401
112864701
112877800
112888601
112902101
112915000
112928501
112939300
112951101
112964901
112975600
112990001
113001401
113013401
113024201
113036401
113048601
113061300
113071901
113084701
113097201
113109901
113120700
113134001
113146901
113159500
113170701
113183400
113195601
113206500
113219001
113231801
113244100
113254801
113266700
113279001
113290900
113301501
113313901
113326900
113339001
113349601
113363101
113375401
113386001
113398001
113410201
113422001
113432901
113444201
113458300
113471201
113482201
113496100
113508201
113520301
113531001
113543100
113556600
113569101
113580100
113592401
113604701
113617101
113628201
113640301
113652501
113663500
113676201
