708799
805400
868099
918000
959599
1013899
1067099
1215100
1353600
1472999
1547500
1605300
1654000
1708699
1747199
1787900
1836800
1881300
1926400
1965900
2005000
2091299
2244799
2394300
2532700
2691900
2813100
2939199
3092799
3212900
3311800
4285799
4338599
4373900
4406500
4438199
4471500
4535000
4603200
4650900
4682499
4713699
4744799
4775899
4806499
4837500
4868600
4905599
4936700
4967300
5006200
5038000
5069500
5100500
5131200
5162200
5196399
5227800
5258800
5289800
5320700
5351800
5382700
5413500
5445900
5476900
5508399
5539899
5572400
5603100
5634100
5664700
5695700
5726500
5757400
5788400
5819100
5849900
5880300
5911000
5941600
5972400
6007400
6038300
6069400
6548299
6585400
6618099
6650000
6681300
6712300
6743800
7046900
7082999
7119700
7151399
7182299
7213899
7244899
7275800
7306700
7363300
7396399
7431100
7479800
7532500
7778399
7831599
7861400
7890400
7920400
7949300
7977799
8052400
8119100
8147600
8176199
8204600
8232700
8261900
8290499
8319000
8347300
8375399
8403600
8431800
8460299
8488900
8520199
8549300
8577800
8605799
8633800
8678800
8723500
8751800
8780299
9046200
9095500
9125199
9684500
9719200
9743299
9765500
9787300
9808900
9830500
9851599
9872699
9893600
9914700
9935599
9956600
10252400
10278599
10296800
10313700
10329700
10345600
10361500
10377199
10393199
10408899
10424699
10440299
10455900
10471500
10487300
10503000
10600899
10641800
10674400
10689500
11661100
11685899
11703700
11719800
11735500
11750900
11766100
11781100
11796100
11811100
11826100
11841000
11856000
11870900
11886000
11901900
11917000
11931600
11946600
11961499
11979800
11994900
12009600
12024400
12039200
12053900
12068499
12083099
12097899
12112499
12127300
12142000
12156600
12171500
12186200
12200800
12215500
12232000
12246700
12261500
12276400
12291100
12305800
12320599
12335399
12350299
12364899
12385000
12400000
12415600
12430600
12445500
12460200
12475000
12489700
12504399
12519199
12533899
12548599
12564399
12579199
12593900
12608500
12623200
12637900
12652400
12667300
12681900
12696900
12711800
12726500
12741299
12755999
12770799
12785399
12800000
12814700
12829700
12844200
12858900
12873500
12888300
12902900
12921000
13728700
13751500
13769000
13789300
13805300
13820400
13835300
13850100
13864799
13879399
13894099
13908799
13923700
13938500
13953200
13968000
13990500
14032499
14047599
14078999
14097400
14113200
14127900
14142500
14157200
14172100
14186700
14201199
14215799
14230599
14245100
14259700
14274200
14288600
14303200
14317900
14332400
14346900
14361599
14376199
14391099
14405699
14420100
14434600
14449200
14463700
14478300
14493100
14507800
14522199
14536799
14551699
14566199
14580800
14595400
14610600
14625300
14640100
14654700
14669100
14683700
14698199
14712699
14727699
14743099
14757699
14772100
14786600
14801100
14815600
14830300
14844900
14859300
14873899
14888499
14902999
14917999
14932700
14947500
14962000
14987799
15003499
15018399
15036000
15051000
15065700
15080399
15095099
15112700
15127500
15142800
15157300
15171999
15186599
15201299
15215999
15230700
15245300
15260100
15274700
15289500
15304000
15318600
15333200
15347999
15362599
15377199
15391899
15406400
15421000
15435600
15450200
15464900
15480000
15494700
15509500
15523999
15538599
15553099
15567899
15583099
15597600
15612300
15626700
15641900
15656700
15671300
15685900
15700700
15715500
15730099
15744499
15758999
15773999
15788600
15803300
15831300
15845900
15860099
15874299
15888699
15903100
15917400
15931600
15945800
15959900
15976700
15991100
16005299
16019399
16033800
16048000
16062200
16076300
16090500
16104599
16118799
16132900
16147900
16162200
16176200
16190400
16204500
16218999
16233199
16247500
16261700
16275900
16290100
16304400
16318699
16332999
16347200
16361300
16375400
16389600
16403900
16418099
16432299
16446500
16460600
16477699
16492000
16506000
16520300
16534500
16548700
16562899
16576899
16591100
16605100
16619300
16633600
16648500
16681600
16696400
16710900
16745399
16774000
16788800
16803900
16818600
16833800
16848800
17218100
17278700
17330700
17381099
17432100
17481300
17532799
17583100
17633900
17697800
17764800
17843800
17890800
17940000
17995500
18170300
18239800
18285100
18364800
18412999
18473299
18519199
18588899
20045000
20083500
20131699
20172800
20199400
20248700
20289900
20316599
20343000
20369399
20395900
20421899
20447900
20475000
20501300
20527800
20554000
20581400
20607900
20634700
20661600
20688800
20715400
20742999
20769700
21361700
21438999
21488500
21567500
21602400
21637000
21652400
21668199
21689900
21705400
21722999
21738299
21753599
21769099
21784900
21800300
21815700
21831300
21846300
21861200
21876500
21891499
21906499
21922199
21937700
21959199
21990199
22018100
22045500
22072999
22100000
22126699
22156999
22185000
22212499
22240400
22267900
22295299
22322500
22350199
22377800
22405000
22432599
22460000
22493200
22521300
22548299
22576400
22604200
22632499
22660400
22688000
22716499
22743800
22771400
22799100
22826500
22854299
22881600
22909600
22938199
22982400
23032800
23223100
23256000
23270500
23284100
23297699
23311200
23324400
23337500
23350899
23364100
23404499
23433000
23453000
23480799
23497200
23511099
23524800
23554600
23567900
23581200
23594499
23607900
23621100
23634399
23647899
23661200
23674500
23687699
23700900
23717499
23731500
23745200
23759400
23773300
23786499
23800000
23813100
23826500
23840699
23873400
23888000
23903200
23916699
23930300
23944700
24009500
24035000
24072900
24101000
24126700
24154399
24202400
24219100
24244999
24449300
24465799
24479200
24505299
24517400
24529500
24541600
24553700
24565599
24577600
24589299
24601100
24613099
24626100
24638000
24649899
24661700
24674700
24686800
24698600
24710999
24722800
24734799
24746500
24758299
24770100
24781700
24793400
24805000
24816600
24828400
25873399
25895299
25910799
25924300
25937300
25983700
26023000
26044500
26066100
26087499
26109000
26130400
26151800
26173200
26194699
26216100
26237600
26258900
26280300
26302700
26324299
26345700
26367800
26389400
26410700
26432199
26453599
26475100
26496600
26518200
26539900
26561399
26582800
26604700
26626200
26647900
26669500
26691099
26712400
26734200
26755900
26777500
26798999
26820499
26842100
26863600
26885000
26906700
26928199
26973699
26996399
27018899
27041300
27063300
27085400
27107700
27131600
27165799
27180299
27196499
27212200
27228100
27242699
27258300
27274200
27288700
27304500
27320500
27336800
27351000
27366400
27390600
27436100
27450800
27467000
27499300
27514900
27529400
27545000
27560400
27574300
27589800
27605300
27620800
27634800
27650300
27665700
27681200
27695100
27710500
27725700
27741300
27755600
27770300
27785600
27801100
27815599
27831199
27846499
27860399
27875799
27891099
27906599
27920600
27942700
27962600
27978700
27993100
28008900
28024600
28040600
28055300
28070900
28086200
28100400
28116000
28131700
28147300
28161400
28177000
28192600
28212899
29643300
29667400
29685700
29702799
29717399
29733599
29749299
29764699
29779099
29794499
29809799
29825299
29839300
29854899
29870000
29885000
29900799
29916399
29938300
29979099
29996100
30028800
30044800
30058900
30074700
30090300
30105800
30119900
30135600
30151700
30168100
30182300
30198000
30213800
30228000
30244400
30260099
30275799
30290000
30305600
30321199
30336699
30350600
30366300
30381400
30396900
30410900
30426400
30441500
30462100
30781299
30801800
30819399
30834499
30850699
30867200
30883300
30898000
30914600
30942399
30974300
30992800
31009899
31026800
31043300
31058000
31074400
31090800
31105700
31122400
31138500
31154200
31168600
31184500
31200599
31216699
31231999
31248299
31264600
31280600
31295000
31310400
31326900
31342800
31357300
31373400
31390700
31408399
31422999
31439299
31455600
31470200
31486300
31502300
31518000
31532300
31548200
31569600
31585700
31599899
31615600
31631500
31647800
31662000
31677900
31694200
31881899
31897199
31935299
31953800
31967600
31982400
31997399
32012199
32025500
32040000
32054900
32069900
32082400
32098100
32113100
32127900
32141199
32155799
32170500
32185100
32198300
32213100
32228500
32243400
32256699
32271599
32286499
32299900
32314500
32329600
32344400
32357700
32372500
32387500
32402499
32416099
32430999
32446100
32461100
32474600
32489600
32504600
32517800
32532900
32547699
32562499
32575800
32590500
32605400
32619300
32632700
32647300
32661999
32676699
32690100
32705000
32719600
32735800
32749100
32764000
32778800
32791999
32806799
32826500
32878700
32902200
32938900
32975099
33009400
33023400
33038800
33070000
33084700
33097899
33112799
33127499
33141100
33156200
33171100
33185800
33199000
33213900
33229000
33243700
33256999
33271500
33285100
33299800
33312800
33327299
33343400
33358300
33371499
33405700
33421000
33436200
33450100
33465600
33480900
33496000
33510099
33525299
33540599
33554200
33569999
33585599
33600500
33614500
33629500
33644800
33659900
33674000
33689000
33704300
33719800
33734300
33750100
33766100
33780100
33795900
33812400
33827900
33842000
35450899
35490399
35505899
35519000
35531100
35548000
35589599
35611199
35631500
35865900
35879799
35891200
35901899
35912400
35945400
35956399
35978299
35990100
36003500
36039299
36089400
36124399
36136200
36165600
36176400
36187400
36198100
36230199
36241300
36258200
36288300
36300799
36315299
36326100
36337000
36348200
36380600
36392099
36421599
36432800
36443800
36455000
36528999
36541700
36552799
36619000
36639700
36651999
36663500
36674199
36685000
36695700
36706399
36716900
36727599
36738200
36768200
36820199
36831500
36842099
36852700
36863100
36873599
36884000
36894600
36905099
36956699
36968300
36978900
36989300
36999900
37010999
37021700
37032600
37043200
37053800
37064299
37074600
37085000
37095399
37105800
37116300
37126799
37137200
37147999
37158500
37170200
37180800
37191200
37201599
37212200
37222600
37233199
37243700
37254000
37264500
37275000
37285399
37295900
37306400
37316799
37327300
37337800
37348399
37358800
37369299
37379800
37390200
37400699
37411500
37421900
37433000
37443400
37453699
37464100
37474500
37484899
37495300
37505900
37516299
37526600
37537000
37547400
37557900
37568399
37578800
37589200
37599599
37609900
37620200
37630599
37641000
37651500
37661799
37672400
37682799
37693200
37703500
37713999
37724300
37734600
37745099
37755500
37766000
37776299
37786800
37797200
37807500
37817900
37828199
37839400
37849900
37860299
37870600
37880900
37891299
37901600
37912099
37922500
37932900
37945100
37955700
37966099
37976700
37987800
37998199
38008600
38018999
38029400
38039800
38050399
38060900
38071400
38081899
38092400
38102900
38113300
38123700
38133999
38144400
38154900
38165299
38175800
38186200
38196599
38207100
38217300
38227599
38238000
38248699
38271000
38284100
38298200
38310799
38324799
38338800
38351200
38365300
38378999
38391400
38404900
38417399
38431300
38445000
38457400
38471299
38484900
38497400
38511000
38523200
38536800
38550700
38563199
38577000
38590700
38603300
38617199
38629600
38643300
38657100
38669599
38683400
38697100
38709700
38723499
38735900
38749500
38763200
38775600
38788800
38802400
38815599
38829699
38843600
38856100
38869900
38882500
38896400
38910200
38922999
38937099
38952699
38965300
38979400
38992200
39005999
39019700
39032200
39046100
39059799
39072200
39086100
39098399
39112599
39126200
39138700
39152499
39166199
39178800
39192500
39205099
39219000
39232600
39245000
39258799
39272300
39284800
39298600
39309800
39324000
39337800
39349999
39363900
39377700
39390600
39404399
39416800
39430500
39444500
39456899
39470600
39484800
39497300
39511299
39523600
39537400
39551200
39563399
39580700
39594899
39607500
39621100
39633499
39647399
39662500
39675100
39688800
39702999
39715700
39729600
39742000
39755899
39769799
39782200
39795800
39809499
39821900
39834800
39848800
39861299
39875100
39887500
39901499
39915499
39927900
39943300
39977699
39990800
40021000
40033300
40047100
40060899
40073300
40087000
40100600
40113100
40127400
40140100
40153899
40167599
40180000
40193800
40207800
40220300
40234200
40246600
40260699
40274499
40287100
40301100
40314900
40327500
40341300
40353900
40367599
40381499
40394000
40407000
40420699
40433000
40447000
40461000
40473399
40488599
40501200
40515400
40529200
40541799
40555700
40569500
40581999
40604699
40628900
40654100
40671799
40694899
40718499
40732999
40758600
40783800
40803199
40827800
40844500
40867700
40886399
40900300
40933699
40947999
40960900
40988600
41002299
41014800
41028900
41042600
41054899
41068800
41080200
41094199
41108299
41120700
41134400
41148100
41160500
41174800
41187200
41200799
41214499
41226900
41240800
41254699
41267000
41281200
41293500
41307199
41320800
41333500
41347800
41361599
41374000
41387700
41400100
41413999
41427800
41440200
41454000
41467899
41480300
41493900
41506099
41519600
41533100
41545400
41558899
41572500
41584900
41597699
41611300
41623700
41637400
41649700
41663400
41677000
41689299
41703000
41716600
41729600
41743199
41755400
41769100
41782800
41795200
41809000
41822600
41834899
41848600
41860800
41874300
41887999
41900300
41914100
41927900
41961100
41988700
42000900
42014800
42028700
42041299
42055199
42069000
42081500
42095399
42107500
42121200
42134700
42146900
42159900
42175100
42188700
42203300
42216999
42229800
42243600
42255799
42269599
42283000
42295400
42309299
42322899
42335100
42348700
42360900
42374600
42388000
42400399
42414000
42427900
42440500
42454199
42466500
42480000
42493500
42505800
42519400
42533200
42545499
42559100
42571400
42585200
42598599
42611000
42624800
42638399
42650800
42664400
44158099
44178200
44190600
44201200
44211099
44220599
44230200
44239700
44249099
44258399
44267700
44277100
44286500
44295999
44305400
44314800
44324100
44333399
44342699
44352000
44361400
44370700
44380099
44389600
44398800
44408100
44417299
44426699
44436000
44445500
44454800
44463999
44473100
44482400
44491700
44500900
44510299
44519400
44528700
44538000
44547999
44557400
44566700
44576000
44585300
44594399
44603700
44612900
44622100
44631300
44640699
44650000
44659500
44668800
44678099
44687400
44696600
44707700
44716899
44726300
44735700
44745200
44754499
44763700
44772900
44782200
44791600
44800899
44810300
44819800
44829000
44838399
44847599
44856900
44866200
44875400
44884699
44894000
44903400
44912700
44924500
44934800
44944200
44953699
44962900
44972300
44981500
44990799
44999999
45009100
45018300
45027600
45036799
45046099
45055400
45064700
45073900
45083099
45092400
45101700
45110900
45120300
45129499
45138600
45147700
45156800
45165900
45175299
45184600
45193900
45203200
45212699
45222099
45231300
45240800
45250000
45259299
45268600
45277900
45287100
45296399
45305599
45315700
45325000
45334400
45343699
45352900
45362100
45371600
45380699
45390500
45399800
45409100
45418600
45428099
45437500
45446700
45455900
45465199
45474600
45484000
45493600
45502899
45512099
45521400
45531100
45540800
45550599
45559800
45569000
45578300
45588099
45597400
45606800
45616100
45625199
45634399
45643900
45653200
45662500
45671899
45681400
45690900
45701200
45710499
45720000
45729200
45738700
45748099
45757600
45766900
45776200
45785699
45795099
45804400
45813800
45823300
45846300
45855599
45864700
45873400
45882600
45913200
45936600
45964600
45974400
45984100
45993299
46015699
46024699
46033400
46042300
46070199
46079600
46102100
46111100
46119900
46128900
46137799
46146899
46155600
46164400
46173300
46182000
46191399
46200299
46209300
46237099
46246399
46255900
46265200
46274800
46283899
46293100
46302400
46311900
46321199
46330399
46352799
46361700
46372500
46382299
46391399
46400600
46409800
46419000
46427899
46436899
46464800
46473899
46483600
46493800
46503700
46513599
46524400
46541600
46926399
46939999
46950300
46959700
46969000
46978199
46987399
46996500
47005600
47015600
47024799
47047099
47055799
47064600
47073600
47082300
47091200
47100100
47108999
47122300
47596400
47616800
47628699
47639100
47648500
47662200
47671500
47680800
47690099
47699500
47708700
47717700
47726900
47736099
47745300
47754600
47763700
47772900
47781899
47790900
47800000
47809200
47818400
47827399
47836499
47845600
47854700
47866099
49210399
49226699
49239200
49249199
49258700
49267900
49277000
49286100
49295199
49304199
49313100
49322200
49331200
49340200
49349199
49358200
49367200
49376400
49385400
49394499
49403599
49412700
49422000
49431000
49439999
49448899
49458000
49467000
49475900
49484700
49493599
49502599
49511700
49520900
49529900
49538900
49548099
49557100
49566200
49575200
49584200
49593199
49602299
49611900
49620900
49629900
49638899
49647999
49657100
49666200
49675100
49684100
49693199
49702200
49711100
49720200
49729600
49738599
49747700
49756800
49765700
49779100
49813600
49833400
49866100
49901100
49913599
49923099
49932400
49958300
49967299
49976199
49985400
49995500
50004400
50013299
50022699
50050800
50060199
50069500
50078800
50088000
50097099
50106499
50116500
50125800
50135100
50144499
50153700
50163200
50172800
50181799
50191400
50200700
50209900
50219300
50228699
50238100
50247300
50256500
50265899
50275900
50285400
50294600
50303999
50313099
50322300
50331600
50340800
50350699
50360400
50369800
50379600
50402000
50425000
50446100
50461500
50471500
50481099
50490700
50500100
50509400
50534599
50543500
50552700
50562000
50571199
50580299
50763599
50792999
50802099
50824399
50833099
50841600
50850000
50858600
50867400
50894600
50906500
50948500
50967800
51010800
51086200
51140000
51159000
51174999
51190199
51224300
51239500
51255000
51270100
51286800
51301700
51328299
51369600
51392300
51415800
51439500
51462200
51484700
51527499
51551499
51575900
51600000
51625400
51643099
51658499
51675000
51690200
51705400
51720900
51748599
51776200
51803799
51838000
51853100
51868200
51902099
51911800
51923900
51954899
52033500
52109099
52145999
52161199
52176299
52191500
52222899
52257800
52273300
52316500
52338399
52353899
52368499
52383299
52397999
52432000
52447600
52463100
52494400
52528999
52548800
52564800
52580500
52613299
52628799
52644699
52660300
52698299
52714400
52730400
52763900
52807400
52823100
52838700
52854300
52872699
52901200
52935500
52946700
52956999
52967100
52976400
53006600
53017199
53044500
53053700
53063599
53073100
53083100
53092600
53102199
53111400
53120800
53130300
53139799
53150800
53160200
53170000
53179399
53188600
53197600
53207100
53216599
53226100
53256700
53267300
53277099
53287100
54904800
54935200
54949700
55007500
55020599
55050100
55060399
55069800
55079100
55104599
55113799
55142000
55151299
55160600
55172500
55181799
55191000
55200200
55226399
55235499
55244400
55253500
55262300
55290400
55299800
55309000
55318199
55327599
55352900
55361900
55370700
55380399
55389500
55398600
55407500
55416600
55425599
55434799
55443700
55452600
55461500
55470600
55479499
55488900
55497900
55506800
55515700
55524699
55533799
55542900
55552200
55562100
55571699
55580600
55589700
55623700
55637900
55647499
55658000
55670799
55682500
55709499
55718400
55727500
55757700
55766900
55782000
55797100
55812900
55828700
55837899
55849500
55860000
55874300
55884499
55899999
55915699
55932500
55942900
55956900
55970600
55989500
56000900
56013799
56027800
56040300
56052999
56081300
56090799
56102600
56114699
56128799
56143799
56163400
56178500
56214499
56232000
56250200
56264200
56275899
56313099
56339100
56351999
56366699
56379500
56392200
56403100
56413600
56424700
56508400
56544400
56556000
56566600
56576500
56588799
56598500
56631100
56642299
56653200
56663599
56677900
56707000
56743200
56758500
56778799
56804200
56832399
56849900
56864700
56916299
56928600
56943900
56957600
56970699
56983600
57012900
57024299
57035200
57045799
57056200
57067700
57080000
57091699
57102600
57113900
57124800
57135600
57158100
57181100
57195000
57209000
57222299
57232600
57243200
57255300
57267699
57278700
57290300
57302900
57313499
57325100
57335200
57371100
57398399
57412400
57441800
57452799
57463700
57474199
57483499
57493600
57503400
57512699
57545200
57557400
57571400
57589299
57603400
57615200
57626699
57637200
57648200
57660300
57671200
57681499
57692000
57703499
57714700
57726099
57736500
57748600
57759700
57770400
57781799
57793100
57803399
57832300
57842799
57853000
57888199
57898700
57927600
57937700
57947700
57957800
57968100
57978699
58021000
58034700
58046000
58074200
58106900
58119600
58135000
58145600
58157600
58186299
58196600
58207999
58219200
58230799
58243300
58255699
58266900
58279000
58290700
58301499
58313000
58326900
58339099
58351900
58365100
58398999
58411900
58426100
58456200
58468099
58480400
58491199
58514299
58527600
58540200
58551799
58562400
58573300
58583999
58593800
58603200
58613599
58624300
58634600
58644799
58655500
58665300
58675699
58685800
58695900
58707900
58718600
58729399
58739200
58750200
58760700
58770900
58781199
58792300
58802500
58812799
58827799
58850799
58866899
58877400
58888099
58898100
58907500
58916800
58925700
58935299
58944200
58954300
59382800
59413600
59423599
59450600
59481200
59491200
59517500
59526400
59535400
59544400
59554499
59584999
59611000
59620900
59652000
59662099
59691099
59721599
59747700
59757200
59766500
59776099
59785400
59795100
59804800
59814299
59823800
59833700
59843799
59853600
59867699
59878200
59889699
59899700
59909000
59918700
59927600
59938100
59947600
59957900
59969300
59980700
59992500
60003300
60013799
60024800
60034899
60045200
60056200
60066599
60077700
60087700
60098200
60108500
60118700
60128800
60138900
60149200
60158499
60168900
60178800
60188499
60198400
60207200
60216200
60225300
60234199
60252000
60263500
60272799
60281700
60290500
60299700
60308500
60317300
60326499
60335400
60344800
60353600
60362500
60371599
60382400
60391900
60401400
60410799
60420100
60429100
60438000
60447799
60456799
60465800
60474700
60483500
60492400
60501499
60510599
60525799
60535000
60544000
60553500
60563899
60573000
60582200
60642900
60687200
60698000
60708199
60718600
60728100
60738099
60765100
60774300
60805100
60815099
60843400
60875799
60904100
60914899
60945699
60973100
61005400
61033200
61044099
61053900
61064800
61074499
61083799
61093400
61103800
61114299
61124300
61134300
61143799
61153900
61164000
61174599
61184100
61194300
61204999
61215800
61225900
61236899
61247900
61258099
61268500
61278600
61288799
61300300
61310100
61319999
61329900
61339400
61358499
61374800
61385500
61395499
61405400
61416100
61426299
61436400
61446400
61457199
61467200
61478300
61489199
61499900
61509700
61518599
61527600
61537000
61546800
61556099
61566500
61576200
61586899
61597000
61605900
61614800
61623600
61632399
61641899
61650800
61659900
61668700
61677500
61686599
61695900
61705600
61715100
61724599
61733599
61742900
61752400
61761600
61771399
61781700
61791700
61801199
61810500
61819700
61828900
61838699
61848099
61861699
61870599
61880400
61889400
61898300
61907300
61916199
61925700
61935400
61945500
61954899
61964400
61974300
61983400
61992499
62002400
62013000
62023599
62034500
62045699
62054899
62064400
62074300
62083699
62093099
62102800
62112000
62121400
62131199
62141000
62151100
62161599
62172200
62186000
62214299
62224400
62234000
62244899
62254700
62264700
62275499
62285800
62295600
63959400
63990500
64001900
64011599
64020700
64029800
64038700
64047600
64056499
64065399
64074100
64083000
64092100
64101000
64109899
64118699
64127500
64136500
64145400
64154300
64163099
64172099
64181100
64190100
64198900
64207700
64216699
64225599
64234600
64243500
64252400
64261300
64270299
64288100
64307400
64323499
64337900
64353400
64370499
64387200
64401299
64413000
64430599
64448600
64460300
64472000
64488000
64506500
64515599
64530199
64545799
64562400
64573500
64582500
64591499
64600399
64609300
64620300
64629499
64638299
64647000
64655900
64664900
64673800
64682899
64691899
64700900
64710200
64719300
64728200
64737199
64746100
64755100
64764100
64773300
64782199
64791099
64799800
64808600
64817400
64826300
64835100
64846000
64854900
64863800
64899800
64909100
64918200
64927399
64949800
64958699
64967600
64976500
64985500
64994400
65003300
65012099
65021100
65029900
65038600
65047400
65056200
65065199
65073999
65082900
65091800
65100600
65109400
65118199
65127199
65136000
65144900
65153700
65162500
65171300
65180699
65189700
65198600
65207500
65216400
65225199
65233999
65242900
65251700
65260400
65269500
65278300
65287099
65295999
65304800
65313800
65322500
65331300
65339999
65348799
65357500
65366500
65375300
65384100
65392800
65401699
65410499
65419300
65428100
65436900
65445800
65454599
65463499
65472500
65481100
65490100
65498900
65507800
65517399
65526300
65535100
65544000
65555299
65564300
65573200
65582100
65591000
65600099
65608899
65617700
65626400
65635200
65644000
65652900
65661799
65670699
65679500
65688400
65697100
65705900
65714699
65723499
65732200
65748000
67162900
67179400
67206599
67216300
67225400
67234400
67243299
67252299
67261200
67270000
67278900
67287800
67296700
67305499
67314500
67323400
67332200
67341100
67350000
67360400
67369300
67378300
67387100
67396299
67405299
67414200
67423300
67432200
67441200
67460200
67494500
67509400
67518699
67743500
67755000
67764299
67773000
67781700
67790300
67798800
67807400
67815900
67824399
67832999
67841499
67850000
67858400
67869600
67911600
67936900
67963899
67983100
68010100
68064700
68097000
68123299
68147499
68184699
68207699
68229799
68251500
68273800
68295000
68315900
68337099
68358500
68379600
68398999
68418700
68438400
68456100
68472400
68487900
68504400
68523200
68539800
68557100
68574599
68591400
68609500
68625300
68642999
68660500
68677800
68694700
68711899
68730000
68747300
68764599
68782200
68798800
68816300
68832300
68848699
68867700
68884400
68900500
68917499
68934699
68951000
68967700
68984000
69019800
69052400
69068700
69085400
69102899
69120100
69137000
69174800
69208399
69226100
69243700
69261599
69277999
69294099
69309800
69325800
69342000
69358500
69374800
69391200
69407399
69423499
69439900
69456200
69472600
69488800
69518900
69585300
69617700
69632000
69647200
69662900
69678900
69694600
69710400
69726100
69742200
69758200
69774699
69790299
69805599
69821099
69837000
69852400
69870100
69885400
69900800
69916600
69932200
69947700
69963400
69979000
69994900
70010499
70025899
70041399
70056999
70072499
70087999
70103699
70119099
70134899
70150500
70166100
70181500
70197000
70213200
70232000
70248399
70264399
70280199
70296600
70311700
70326900
70342000
70357200
70372400
70387600
70402800
70417799
70432999
70447999
70463599
70480200
70496900
70512900
70528700
70544100
70559500
70575100
70590300
70605100
70620200
70638699
70654599
70669899
70685199
70700599
70715899
70731500
70747500
70762900
70778600
70794000
70809300
70825000
70840300
70858700
70874200
70889799
70904999
70920100
70935200
70950200
70965300
70981000
70997399
71012999
71028099
71043599
71058599
71073799
71090700
71107400
71122500
71138100
71153300
71168800
71185200
71201500
71216600
71232100
71247000
71262100
71276800
71291800
71306700
71322000
71336800
71351900
71366900
71381800
71396800
71411800
71426799
71442400
71458200
71473600
71488700
71503800
71519000
71534100
71549300
71564399
71579399
71594399
71609299
71624299
71639399
71654399
71669399
71684500
71699400
71714300
71729900
71745100
71760200
71775900
71790800
71806100
71821100
71836100
71853799
71869799
71885800
71902600
71920300
71936800
71951800
71966900
71981700
71996900
72011500
72027100
72041900
72056700
72071400
72086300
72101200
72116700
72132000
72147600
72162600
72178300
72193500
72208700
72224400
72239300
72254500
72269700
72284800
72300100
72315000
72330500
72345800
72361300
72376400
72391300
72406600
72422400
72437400
72452300
72467600
72482700
72497600
72514300
72529900
72545600
72561400
72577100
72592700
72607800
72623600
72639300
72654500
72670200
72685700
72701200
72716699
72732399
72748199
72763899
72779399
72796900
72814500
72832199
72849900
72868000
72883700
72899600
72915499
72931399
72947199
72963099
72980200
72996400
73012300
73028200
73044200
73060400
73076999
73096400
73117100
73137099
73155600
73175699
73193800
73213599
73231600
73251699
73269800
73289999
73308500
73328999
73347300
73367299
73385900
73406199
73426700
73445400
73465700
73484300
73504699
73523200
73545500
73562900
73581499
73598600
73617500
73635299
73654600
73672100
73691700
73712299
73732600
73754000
73774300
73794400
73815100
73836900
73858100
73879899
73896900
73917599
73935100
73955099
73975500
73993899
74014000
74032199
74052200
74070499
74090500
74108799
74128900
74147099
74167200
74185499
74207599
74226900
74246999
74267200
74287400
74309400
74327700
74347500
74365000
74383199
74399599
74418500
74435200
74454300
74471100
74489500
74506299
74525400
74544899
74562200
74581799
74599500
74618500
74635499
74655800
74674599
74693600
74711400
74730800
74750699
74768900
74788699
74806600
74826300
74846100
74868200
74887300
74907700
74925999
74946900
74965299
74986200
75006100
75027199
75047300
75065800
75085600
75103499
75123100
75140799
75160700
75178499
75198200
75216200
75235900
75253900
75273900
75293299
75314800
75335300
75353300
75372900
75390800
75410700
75429300
75449200
75466900
75487100
75506500
75526800
75543900
75562600
75581200
75598100
75618000
75636000
75655900
75674100
75694200
75712300
75732000
75749900
75769900
75787700
75820399
75840400
75859999
75879600
75897199
75916600
75934300
75953700
75971700
75991300
76009000
76027999
76045000
76064600
76082600
76102100
76121200
76141000
76160700
76178300
76198900
76218499
76238500
76256599
76276300
76293100
76312800
76331900
76359700
76379199
76398300
76417199
76434700
76454100
76471499
76491900
76509399
76528800
76546000
76565400
76582800
76601999
76620200
76638999
76656600
76675900
76695500
76713000
76732200
76750000
76770199
76788400
76808099
76825800
76869699
76909100
76942800
76960899
76996200
77014299
77033500
77051499
77067799
77085900
77102900
77120899
77137500
77155300
77173000
77192100
77208800
77226899
77243899
77263300
77282099
77299300
77318000
77335099
77353700
77370900
77390100
77408200
77427099
77444200
77463300
77480599
77499200
77517100
77536000
77554600
77572799
77591600
77608999
77628800
77646000
77666000
77683300
77703200
77720600
77740499
77758000
77777499
77795200
77814200
77847999
77880200
77896400
77908199
77919700
77930299
77942000
77952300
77963900
77974100
77985900
77995900
78007399
78019600
78029699
78041200
78051500
78063300
78073400
78084799
78095000
78106599
78118500
78132000
78142200
78155200
78165400
78178000
78189700
78199799
78212800
78223100
78235000
78245099
78256700
78266799
78278500
78290099
78303500
78313499
78324900
78335299
78346800
78359299
78369500
78383099
78392400
78405799
78415900
78427699
78439100
78481799
78500500
78523200
78542999
78564899
78584200
78597600
78619899
78637900
78652300
78671400
78689200
78699800
78711699
78722000
78733899
78757599
78769000
78780599
78790700
78808100
78818499
78830000
78839999
78852000
78862100
78873500
78883600
78894999
78905000
78916599
78926700
78938200
78949800
78959700
78971099
78981200
78991600
79001799
79013200
79023299
79034600
79044700
79056200
79066300
79077599
79089200
79099200
79110600
79120700
79131999
79142100
79153699
79163700
79174800
79184899
79196300
79206200
79217800
79227700
79238999
79250300
79260199
79271500
79281600
79293000
79302900
79314299
79324500
79335900
79346099
79357500
79367399
79380300
79391699
79403100
79414399
79424300
79434800
79444999
79456200
79466300
79479300
79489499
79500800
79510700
79521999
79531800
79543099
79554500
79564400
79575900
79585800
79597299
79607300
79618700
79628799
79640800
79650999
79662700
79672700
79685100
79695500
79707000
79718300
79728199
79739500
79749499
79760900
79771100
79782400
79792500
79806400
79816500
79828300
79838500
79849999
79860200
79871500
79882800
79891900
79903599
79913700
79925100
79935100
79946400
79956299
79967700
79977600
79988800
80008700
80020600
80031700
80041699
80053100
80062999
80074300
80084500
80095800
80105900
80117899
80127900
80139100
80149300
80161800
80173200
80184600
80196100
80206000
80217499
80229100
80240799
80250700
80264000
80304300
80327400
80341300
80353200
80363400
80375100
80398600
80410100
80422099
80432200
80443500
80453599
80464700
80474900
80486200
80496200
80509300
80519300
80531400
80541600
80552899
80564300
80574200
80585500
80595400
80606599
80617900
80629199
80639100
80650700
80662300
80673800
80683699
80694900
80704700
80715900
80728499
80738600
80751299
80761300
80777900
80849700
80880400
80900800
81131200
81143900
81156299
81166200
81177300
81187099
81197500
81208500
81218399
81229300
81239100
81250300
81260000
81270899
81280600
81291500
81301199
81312100
81321800
81332799
81342500
81353600
81364600
81374200
81385200
81394999
81406000
81415600
81426800
81436500
81447299
81457000
81470099
81479800
81490900
81500499
81511300
81521400
81532399
81543300
81553000
81564000
81573800
81584899
81594700
81605700
81615499
81625600
81635400
81646499
81656300
81667200
81676799
81687900
81698799
81708499
81719600
81729200
81740200
81749900
81760899
81770500
81781500
81797000
81808300
81818200
81829099
81838700
81849700
81859399
81870300
81881100
81890799
81901900
81911600
81922599
81932300
81943399
81953099
81964300
81973999
81985100
81994700
82005699
82015400
82026300
82035899
82046800
82057600
82066399
82077500
82087000
82097899
82107800
82118800
82128599
82139700
82149300
82160200
82169900
82180799
82191700
82201200
82212599
82222200
82233200
82242899
82253900
82263500
82274400
82284200
82295299
82304900
82315800
82325599
82336500
82346100
82358800
82369800
82379399
82390400
82400000
82410999
82420700
82431800
82441499
82452400
82463499
82474600
82485900
82497100
82505900
82517099
82528100
82537700
82548499
82558200
82569100
82578899
82589900
82599600
82610599
82620300
82631299
82640899
82651900
82661400
82672500
82682100
82693199
82704100
82714000
82726200
82736000
82747199
82756800
82767600
82777299
82791899
82802100
82813200
82822899
82833900
82843600
82854799
82864400
82875400
82886200
82895800
82906699
82916500
82927400
82938599
84749999
84770700
84780599
84789199
84797400
84805500
84813500
84849399
84867000
84885900
84897900
84907500
84929300
84950400
84997400
85026600
85062000
85089700
85105700
85119500
85132799
85146299
85159700
85173000
85186399
85213000
85225900
85238699
85251700
85264700
85278500
85291400
85304400
85330499
85343100
85355800
85368399
85381300
85394000
85406599
85419000
85432100
85444599
85457000
85469600
85482200
85494700
85507399
85520000
85532500
85544999
85557600
85570000
85582599
85595200
85607600
85639100
85652199
85678400
85709800
85723300
85736499
85769000
85798300
85827099
85836600
85845900
85854900
85863900
85885500
85911399
85934699
85946600
85955900
85964599
85973399
85982000
86004099
86017200
86026499
86035099
86057499
86066400
86074800
86083400
86091900
86100200
86109000
86117499
86125999
86134399
86167200
86191100
86203900
86226600
86235500
86244100
86271399
86280200
86289200
86298000
86306600
86315500
86324399
86346499
86355399
86363899
86372400
86380700
86408799
86417500
86426100
86434800
86457500
86479300
86487600
86495800
86504000
86512200
86520300
86547500
86556200
86584199
86595300
86617700
86626300
86634700
86643000
86664700
86672800
86680900
86689000
86697200
86705300
86713699
86722799
86731200
86739300
86747400
86755500
86763700
86772100
86780300
86812300
86820899
86829099
86853500
86861700
86870000
86878100
86886500
86894800
86903400
86911700
86919999
86928999
86957900
86966599
86974799
86983700
86992200
87017100
87025500
87033800
87042000
87050299
87058499
87066699
87075400
87084400
87092800
87101000
87109200
87118999
87174900
87184600
87194000
87219799
87251100
87276400
87306100
87315300
87324200
87349499
87358500
87394199
87431899
87481400
87512300
87538200
87567600
87582100
87591600
87600299
87626800
87635300
87643600
87652300
87663600
87693399
87702100
87728900
87737200
87761799
87769799
87780100
87788300
87796300
87804200
87812200
87820500
87828500
87836800
87844899
87855800
87864000
87872000
87880000
87888100
87896100
87904200
87933000
87957700
87966000
87974200
88005999
88030299
88038500
88046600
88054500
88062600
88070500
88078400
88086700
88094800
88102800
88110700
88118800
88126800
88135499
88143699
88151699
88159899
88167799
88175800
88183800
88191800
88199800
88207800
88215900
88223900
88232000
88240000
88248000
88256200
88264300
88272300
88280400
88288499
88296599
88304599
88312699
88320699
88328800
88336900
88345300
88353300
88361300
88369200
88377200
88385300
88393300
88401200
88409400
88417300
88425300
88433299
88441399
88449399
88457699
88465999
88474200
88482200
88490200
88498200
88506300
88514300
88522300
88530300
88538300
88546600
88554700
88562800
88570800
88578699
88586699
88594799
88602799
88610799
88618799
88626700
88634700
88642700
88650700
88658600
88666700
88674700
88682500
88690500
88698500
88706500
88714400
88722400
88730300
88738300
88746300
88754200
88762199
88770199
88778099
88786299
88795100
88806500
88861399
88896300
88920100